year,month,dom,hour,min,sec,kp,infi,algeo,apgeo,algsm,apgsm,algse,apgse,tag,rig,zen,azi
2018,5,4,12,0,0,1,2,6.946,187.9,24.16,184.5,24.5,181.8,MTWA,1050,0,0
2018,5,4,12,0,0,1,0,-19.94,264.1,-6.573,259.9,-0.6635,259.9,MTWA,1054,0,0
2018,5,4,12,0,0,1,2,66.74,276.6,68.29,324.8,71.12,339.2,MTWA,1059,0,0
2018,5,4,12,0,0,1,2,-70.62,138.3,-59.75,174.5,-59.77,184.8,MTWA,1063,0,0
2018,5,4,12,0,0,1,0,-57.08,91.21,-63.22,123.7,-67.97,131.8,MTWA,1067,0,0
2018,5,4,12,0,0,1,2,-71.89,252.5,-54.37,233.2,-49.42,237.6,MTWA,1071,0,0
2018,5,4,12,0,0,1,0,-65.27,71.98,-75.47,121.7,-80.07,139.9,MTWA,1076,0,0
2018,5,4,12,0,0,1,2,-32.31,153.7,-21.63,161.4,-23.41,163.8,MTWA,1080,0,0
2018,5,4,12,0,0,1,0,-9.899,169.3,3.88,169.3,2.761,168.9,MTWA,1084,0,0
2018,5,4,12,0,0,1,0,-61.42,84.48,-68.74,124.4,-73.35,135.6,MTWA,1089,0,0
2018,5,4,12,0,0,1,0,-44.78,196.5,-26.02,199.7,-23.84,202.3,MTWA,1093,0,0
2018,5,4,12,0,0,1,2,-42.33,95.41,-49.24,113.7,-54.66,117,MTWA,1097,0,0
2018,5,4,12,0,0,1,0,13.79,243.1,30.8,246.3,36.26,244.6,MTWA,1101,0,0
2018,5,4,12,0,0,1,2,-46.25,325.3,-49.48,302.8,-44.34,299.5,MTWA,1106,0,0
2018,5,4,12,0,0,1,2,11.26,231.4,29.96,232.8,34.66,230.4,MTWA,1110,0,0
2018,5,4,12,0,0,1,2,-22.2,325.9,-27.76,316.3,-23.54,314.2,MTWA,1114,0,0
2018,5,4,12,0,0,1,2,-40.04,80.32,-51.91,95.97,-57.87,96.93,MTWA,1119,0,0
2018,5,4,12,0,0,1,0,-54.7,73.95,-66.91,101.7,-72.74,105.5,MTWA,1123,0,0
2018,5,4,12,0,0,1,0,-61.47,6.694,-75.56,328.4,-71.7,312.6,MTWA,1127,0,0
2018,5,4,12,0,0,1,2,-24.62,302.3,-22.15,293,-16.61,292.2,MTWA,1131,0,0
2018,5,4,12,0,0,1,2,19.67,213.3,39.21,212.1,42.21,207.6,MTWA,1136,0,0
2018,5,4,12,0,0,1,2,-7.207,266.9,5.018,265.8,11,265.8,MTWA,1140,0,0
2018,5,4,12,0,0,1,2,16.79,134.1,18.78,127,13.97,126,MTWA,1144,0,0
2018,5,4,12,0,0,1,0,-27.86,110.5,-31.02,120.7,-36.11,122.9,MTWA,1149,0,0
2018,5,4,12,0,0,1,2,-8.336,65.5,-24.99,67.82,-30.53,66.59,MTWA,1153,0,0
2018,5,4,12,0,0,1,2,13.68,233.3,32.14,235.3,37.01,232.8,MTWA,1157,0,0
2018,5,4,12,0,0,1,2,35.77,290.8,38.21,304.8,43.04,307.8,MTWA,1161,0,0
2018,5,4,12,0,0,1,2,-30.44,172.9,-15.32,177.4,-15.49,179,MTWA,1166,0,0
2018,5,4,12,0,0,1,2,-2.493,92.58,-12.78,94.04,-18.76,94.16,MTWA,1170,0,0
2018,5,4,12,0,0,1,2,-23.62,63.43,-40.37,69.08,-45.94,66.96,MTWA,1174,0,0
2018,5,4,12,0,0,1,0,55.21,161.9,62.63,130.2,57.84,123.9,MTWA,1179,0,0
2018,5,4,12,0,0,1,2,8.412,344.9,-4.227,344.7,-2.637,344.3,MTWA,1183,0,0
2018,5,4,12,0,0,1,2,66.97,53.62,47.99,45.04,43.57,49.23,MTWA,1187,0,0
2018,5,4,12,0,0,1,2,47.46,119.3,42.16,99.53,36.24,98.76,MTWA,1191,0,0
2018,5,4,12,0,0,1,2,-27.37,274.5,-16.35,267.1,-10.36,267.2,MTWA,1196,0,0
2018,5,4,12,0,0,1,2,13.26,156.7,22.72,150.2,19.66,148.3,MTWA,1200,0,0
2018,5,4,12,0,0,1,2,-27.96,193.8,-9.592,195.3,-7.941,196.2,MTWA,1204,0,0
2018,5,4,12,0,0,1,0,-43.47,92.32,-51.27,111.4,-56.79,114.6,MTWA,1209,0,0
2018,5,4,12,0,0,1,0,-50.64,162.2,-36.92,175.1,-37.18,179.6,MTWA,1213,0,0
2018,5,4,12,0,0,1,2,-46.52,86.87,-55.75,108,-61.4,111.3,MTWA,1217,0,0
2018,5,4,12,0,0,1,2,4.194,26.46,-15.13,25.37,-17.64,23.76,MTWA,1221,0,0
2018,5,4,12,0,0,1,2,-55.01,111.8,-54.72,139.4,-58.33,146.6,MTWA,1226,0,0
2018,5,4,12,0,0,1,2,-43.21,91.71,-51.23,110.6,-56.79,113.7,MTWA,1230,0,0
2018,5,4,12,0,0,1,2,-13.86,156.3,-3.318,158,-5.527,158.5,MTWA,1234,0,0
2018,5,4,12,0,0,1,2,11.58,66.46,-5.227,65.1,-10.67,64.74,MTWA,1239,0,0
2018,5,4,12,0,0,1,2,-19.37,271.8,-7.987,267.1,-1.995,267.1,MTWA,1243,0,0
2018,5,4,12,0,0,1,2,30.33,316.5,24.78,325.6,28.04,328.1,MTWA,1247,0,0
2018,5,4,12,0,0,1,2,-12.71,163.7,-0.2205,164.7,-1.785,164.8,MTWA,1251,0,0
2018,5,4,12,0,0,1,0,10.34,290.5,14.64,294,20.09,294.7,MTWA,1256,0,0
2018,5,4,12,0,0,1,0,56.07,311,49.73,335.2,51.91,342,MTWA,1260,0,0
2018,5,4,12,0,0,1,0,-22.22,250.8,-5.997,247.2,-0.4555,247.4,MTWA,1264,0,0
2018,5,4,12,0,0,1,2,-22.85,158.1,-11.45,162.3,-13.2,163.5,MTWA,1268,0,0
2018,5,4,12,0,0,1,2,-34.96,107.7,-38.5,121.4,-43.53,124.2,MTWA,1273,0,0
2018,5,4,12,0,0,1,2,-49.86,112.5,-50.15,135.4,-54.14,141.2,MTWA,1277,0,0
2018,5,4,12,0,0,1,2,-47.39,260.8,-32.35,249.3,-26.7,250.5,MTWA,1281,0,0
2018,5,4,12,0,0,1,2,75.09,206.1,84.64,60.22,79.02,75.89,MTWA,1286,0,0
2018,5,4,12,0,0,1,2,-23.47,21.43,-42.33,17.23,-43.84,11.78,MTWA,1290,0,0
2018,5,4,12,0,0,1,2,-52.51,128.7,-47.34,150.7,-49.98,156.8,MTWA,1294,0,0
2018,5,4,12,0,0,1,2,-30.42,115.8,-31.62,126.9,-36.33,129.4,MTWA,1298,0,0
2018,5,4,12,0,0,1,2,-63.82,265.2,-48.65,245.2,-43.15,247.6,MTWA,1303,0,0
2018,5,4,12,0,0,1,2,-51.17,206.3,-31.79,207.8,-28.83,210.9,MTWA,1307,0,0
2018,5,4,12,0,0,1,2,1.535,230.3,20.38,230.5,24.97,228.9,MTWA,1311,0,0
2018,5,4,12,0,0,1,2,-40.34,261.8,-25.76,252.3,-20.03,253.1,MTWA,1316,0,0
2018,5,4,12,0,0,1,2,-8.742,71.69,-24.15,74.51,-29.92,73.66,MTWA,1320,0,0
2018,5,4,12,0,0,1,2,-47.24,154.6,-35.48,167.8,-36.5,172.1,MTWA,1324,0,0
2018,5,4,12,0,0,1,2,30.99,312.6,26.64,322.4,30.17,325,MTWA,1328,0,0
2018,5,4,12,0,0,1,2,-40.4,179.4,-23.83,185.2,-23.12,187.8,MTWA,1333,0,0
2018,5,4,12,0,0,1,2,30.82,146.6,36.01,133.2,31.55,130.6,MTWA,1337,0,0
2018,5,4,12,0,0,1,2,15.95,91.42,4.595,87.69,-1.4,87.7,MTWA,1341,0,0
2018,5,4,12,0,0,1,2,11.54,221.8,30.95,221.9,34.85,219,MTWA,1346,0,0
2018,5,4,12,0,0,1,2,-32.73,191.9,-14.53,194.3,-12.96,195.7,MTWA,1350,0,0
2018,5,4,12,0,0,1,2,44.44,175.6,57.57,156.4,54.78,148.4,MTWA,1354,0,0
2018,5,4,12,0,0,1,2,22.84,311.1,19.52,317.8,23.47,319.6,MTWA,1358,0,0
2018,5,4,12,0,0,1,2,-27.95,150.3,-18.43,156.9,-20.66,158.9,MTWA,1363,0,0
2018,5,4,12,0,0,1,2,-41.16,261.4,-26.47,251.8,-20.76,252.6,MTWA,1367,0,0
2018,5,4,12,0,0,1,2,-18.36,184.9,-1.3,185.7,-0.6762,185.8,MTWA,1371,0,0
2018,5,4,12,0,0,1,0,-47.82,160.1,-34.72,172.3,-35.28,176.5,MTWA,1376,0,0
2018,5,4,12,0,0,1,0,-50.85,64.08,-66.32,83.8,-72.27,81.8,MTWA,1380,0,0
2018,5,4,12,0,0,1,2,2.819,154.7,12.2,151.7,9.313,150.7,MTWA,1384,0,0
2018,5,4,12,0,0,1,2,-46.1,189.7,-28,194.7,-26.31,197.6,MTWA,1388,0,0
2018,5,4,12,0,0,1,2,0.8238,186.2,17.84,183.8,18.15,181.9,MTWA,1393,0,0
2018,5,4,12,0,0,1,2,-62.73,262.6,-47.21,244.2,-41.75,246.6,MTWA,1397,0,0
2018,5,4,12,0,0,1,2,14.19,226.6,33.31,227.6,37.64,224.6,MTWA,1401,0,0
2018,5,4,12,0,0,1,2,-10.11,307,-10.14,302.7,-5.086,302.3,MTWA,1406,0,0
2018,5,4,12,0,0,1,2,32.2,228.5,51.05,232.4,55.64,227.2,MTWA,1410,0,0
2018,5,4,12,0,0,1,2,53.15,204,71.98,192.2,72.28,173.6,MTWA,1414,0,0
2018,5,4,12,0,0,1,2,21.07,283.5,27,291.2,32.57,292.4,MTWA,1418,0,0
2018,5,4,12,0,0,1,2,-27.61,243.5,-10.11,239.6,-4.912,240,MTWA,1423,0,0
2018,5,4,12,0,0,1,0,39.71,303.5,37.58,318.4,41.4,322.2,MTWA,1427,0,0
2018,5,4,12,0,0,1,2,-2.848,56.78,-20.96,57.56,-25.99,56.13,MTWA,1431,0,0
2018,5,4,12,0,0,1,2,-46.18,158.4,-33.58,170.3,-34.36,174.3,MTWA,1436,0,0
2018,5,4,12,0,0,1,2,-15.61,241.3,2.059,239.5,7.229,239.2,MTWA,1440,0,0
2018,5,4,12,0,0,1,2,32.66,308.9,29.37,319.8,33.11,322.6,MTWA,1444,0,0
2018,5,4,12,0,0,1,0,56.66,231.3,74.57,249.4,79.96,237.5,MTWA,1448,0,0
2018,5,4,12,0,0,1,2,-5.994,246.6,10.69,246.3,16.18,245.7,MTWA,1453,0,0
2018,5,4,12,0,0,1,2,33.82,277.6,40.79,290.9,46.34,293.1,MTWA,1457,0,0
2018,5,4,12,0,0,1,2,31.7,228.6,50.56,232.4,55.15,227.3,MTWA,1461,0,0
2018,5,4,12,0,0,1,2,15.69,217.4,35.23,217,38.69,213.3,MTWA,1466,0,0
2018,5,4,12,0,0,1,2,9.305,209.6,28.76,208.1,31.44,205,MTWA,1470,0,0
2018,5,4,12,0,0,1,2,45.07,174,57.67,153.9,54.67,146.2,MTWA,1474,0,0
2018,5,4,12,0,0,1,2,-21.44,157.3,-10.3,161.1,-12.16,162.3,MTWA,1478,0,0
2018,5,4,12,0,0,1,2,43.43,194.2,61.02,181.9,60.65,171.1,MTWA,1483,0,0
2018,5,4,12,0,0,1,2,-68.72,246.2,-50.71,231.6,-45.87,235.5,MTWA,1487,0,0
2018,5,4,12,0,0,1,2,6.735,204.6,25.93,202.7,28.11,199.8,MTWA,1491,0,0
2018,5,4,12,0,0,1,2,35.06,151.9,41.63,136.3,37.36,132.8,MTWA,1496,0,0
2018,5,4,12,0,0,1,2,-25.49,178.6,-9.375,181.3,-9.162,182.3,MTWA,1500,0,0
2018,5,4,12,0,0,1,2,3.683,200.9,22.59,198.9,24.42,196.4,MTWA,1504,0,0
2018,5,4,12,0,0,1,2,1.066,163.9,13.11,161.2,11.12,159.9,MTWA,1508,0,0
2018,5,4,12,0,0,1,2,-51.92,114.8,-51.17,139,-54.84,145.4,MTWA,1513,0,0
2018,5,4,12,0,0,1,2,-77.89,242,-59.17,225,-54.68,231.2,MTWA,1517,0,0
2018,5,4,12,0,0,1,2,-34.05,253.4,-18.05,247,-12.5,247.6,MTWA,1521,0,0
2018,5,4,12,0,0,1,0,-43.8,98.61,-49.49,118,-54.69,121.8,MTWA,1526,0,0
2018,5,4,12,0,0,1,0,-81.57,111.3,-70.72,188.8,-68.97,204.6,MTWA,1530,0,0
2018,5,4,12,0,0,1,0,-5.982,166,6.851,165.1,5.288,164.5,MTWA,1534,0,0
2018,5,4,12,0,0,1,0,-16.28,222,3.149,220.9,7.074,220.5,MTWA,1538,0,0
2018,5,4,12,0,0,1,0,-33.5,226,-14.24,223.7,-10.05,224.6,MTWA,1543,0,0
2018,5,4,12,0,0,1,0,-35.66,221.6,-16.21,219.8,-12.3,221,MTWA,1547,0,0
2018,5,4,12,0,0,1,0,-31.31,219.5,-11.8,218.2,-8.047,219,MTWA,1551,0,0
2018,5,4,12,0,0,1,0,-16.67,209.3,2.786,208.7,5.666,208.3,MTWA,1556,0,0
2018,5,4,12,0,0,1,0,-13.26,177.4,2.365,177.7,2.133,177.5,MTWA,1560,0,0
2018,5,4,12,0,0,1,0,-80.37,170.5,-62.78,199.5,-60.27,209.6,MTWA,1564,0,0
2018,5,4,12,0,0,1,0,-25.55,128.5,-22.91,136.5,-26.95,138.5,MTWA,1568,0,0
2018,5,4,12,0,0,1,2,76.85,236.4,81.35,1.272,79.37,35.32,MTWA,1573,0,0
2018,5,4,12,0,0,1,2,27.7,57.78,9.462,54.56,4.55,54.98,MTWA,1577,0,0
2018,5,4,12,0,0,1,0,-20.25,347.5,-32.52,339,-30.21,335.7,MTWA,1581,0,0
2018,5,4,12,0,0,1,2,47.17,313.9,41.05,331.4,43.68,336.3,MTWA,1586,0,0
2018,5,4,12,0,0,1,2,-5.142,82.88,-17.99,85.14,-23.97,84.94,MTWA,1590,0,0
2018,5,4,12,0,0,1,2,-63.12,218.9,-43.59,216.7,-39.82,220.9,MTWA,1594,0,0
2018,5,4,12,0,0,1,2,-8.483,277.6,0.8266,275.6,6.795,275.7,MTWA,1598,0,0
2018,5,4,12,0,0,1,2,-12.36,16.52,-30.76,13.05,-31.94,9.461,MTWA,1603,0,0
2018,5,4,12,0,0,1,2,-64.85,165.9,-49.49,184.6,-48.63,191.5,MTWA,1607,0,0
2018,5,4,12,0,0,1,2,-6.356,179.6,9.571,178.5,9.376,177.5,MTWA,1611,0,0
2018,5,4,12,0,0,1,2,-57.41,279.6,-45.74,258.5,-39.85,259.6,MTWA,1616,0,0
2018,5,4,12,0,0,1,2,37.42,132.6,37.37,116.7,31.97,114.9,MTWA,1620,0,0
2018,5,4,12,0,0,1,2,-8.202,202.1,10.85,201.2,12.97,200,MTWA,1624,0,0
2018,5,4,12,0,0,1,2,-40.68,320.1,-42.82,301.7,-37.64,299.2,MTWA,1628,0,0
2018,5,4,12,0,0,1,2,4.518,283.3,11.47,285.1,17.25,285.5,MTWA,1633,0,0
2018,5,4,12,0,0,1,2,-19.87,247.7,-3.135,244.8,2.3,244.8,MTWA,1637,0,0
2018,5,4,12,0,0,1,2,-37.4,333.9,-44.43,317,-40.19,313.1,MTWA,1641,0,0
2018,5,4,12,0,0,1,2,-35.16,262.3,-20.88,254.3,-15.1,254.8,MTWA,1646,0,0
2018,5,4,12,0,0,1,0,-2.127,245.1,14.76,245.4,20.21,244.6,MTWA,1650,0,0
2018,5,4,12,0,0,1,2,4.246,260.9,17.62,262.9,23.58,262.6,MTWA,1654,0,0
2018,5,4,12,0,0,1,2,47.03,322.9,38.32,338.5,40.28,343.2,MTWA,1658,0,0
2018,5,4,12,0,0,1,2,-20.89,260.8,-6.741,256.7,-0.898,256.8,MTWA,1663,0,0
2018,5,4,12,0,0,1,2,-2.046,262.4,11.16,262.8,17.11,262.6,MTWA,1667,0,0
2018,5,4,12,0,0,1,2,-23.48,248.1,-6.758,244.5,-1.331,244.7,MTWA,1671,0,0
2018,5,4,12,0,0,1,2,-18.48,242.9,-1.017,240.6,4.217,240.5,MTWA,1676,0,0
2018,5,4,12,0,0,1,2,6.329,259.5,20,262,25.94,261.6,MTWA,1680,0,0
2018,5,4,12,0,0,1,2,-5.006,256.4,9.702,256.2,15.53,255.8,MTWA,1684,0,0
2018,5,4,12,0,0,1,2,62.2,221.5,81.39,234.3,84.88,191.4,MTWA,1688,0,0
2018,5,4,12,0,0,1,2,53.39,334.1,41.29,350.4,42,355.7,MTWA,1693,0,0
2018,5,4,12,0,0,1,2,-30.6,73.24,-44.95,82.95,-50.9,82.08,MTWA,1697,0,0
2018,5,4,12,0,0,1,2,-28.83,276,-18.15,268,-12.15,268.1,MTWA,1701,0,0
2018,5,4,12,0,0,1,2,-3.906,229.1,15.06,228.8,19.54,227.5,MTWA,1706,0,0
2018,5,4,12,0,0,1,0,86.85,151.2,71.62,43.39,67.09,53.92,MTWA,1710,0,0
2018,5,4,12,0,0,1,0,13.86,212.7,33.4,211.5,36.37,207.9,MTWA,1714,0,0
2018,5,4,12,0,0,1,0,-34.63,243.7,-17.07,238.6,-11.91,239.4,MTWA,1718,0,0
2018,5,4,12,0,0,1,2,-12.95,342.3,-24.08,336.1,-21.55,333.8,MTWA,1723,0,0
2018,5,4,12,0,0,1,2,12.07,174.5,26.44,169,25.15,166.2,MTWA,1727,0,0
2018,5,4,12,0,0,1,2,33.14,205.7,52.33,201.4,54.14,193.7,MTWA,1731,0,0
2018,5,4,12,0,0,1,2,27.37,341,15.03,346.2,16.36,347.8,MTWA,1735,0,0
2018,5,4,12,0,0,1,2,-19.92,156.5,-9.064,160,-11.05,161,MTWA,1740,0,0
2018,5,4,12,0,0,1,2,15.19,251.1,30.57,255.5,36.37,254.4,MTWA,1744,0,0
2018,5,4,12,0,0,1,2,18.76,249.2,34.44,254.4,40.21,253.1,MTWA,1748,0,0
2018,5,4,12,0,0,1,0,-75.39,60.38,-81.21,169.8,-80.28,206.9,MTWA,1753,0,0
2018,5,4,12,0,0,1,2,19.75,337.6,8.593,340.9,10.49,341.9,MTWA,1757,0,0
2018,5,4,12,0,0,1,2,12.86,236.1,30.97,238.3,36.02,236.2,MTWA,1761,0,0
2018,5,4,12,0,0,1,1,-1.783,218,17.75,217.3,21.32,215.6,MTWA,1765,0,0
2018,5,4,12,0,0,1,1,5.597,216.7,25.14,216.1,28.58,213.6,MTWA,1770,0,0
2018,5,4,12,0,0,1,2,-20.5,235.6,-2.081,233.5,2.753,233.5,MTWA,1774,0,0
2018,5,4,12,0,0,1,2,-18.73,248.5,-2.168,245.8,3.31,245.8,MTWA,1778,0,0
2018,5,4,12,0,0,1,2,-28.69,228.3,-9.576,226,-5.226,226.5,MTWA,1783,0,0
2018,5,4,12,0,0,1,2,28.47,103.4,19.88,94.63,13.9,94.48,MTWA,1787,0,0
2018,5,4,12,0,0,1,2,-27.38,290.3,-20.93,281.1,-15.04,280.8,MTWA,1791,0,0
2018,5,4,12,0,0,1,2,21.65,223.4,40.97,224.5,45.02,220.3,MTWA,1795,0,0
2018,5,4,12,0,0,1,0,-61.53,320,-60.36,283.1,-54.5,281.2,MTWA,1800,0,0
2018,5,4,12,0,0,1,2,-22.98,253.8,-7.299,249.8,-1.66,249.9,MTWA,1804,0,0
2018,5,4,12,0,0,1,1,9.671,216.3,29.22,215.7,32.6,212.7,MTWA,1808,0,0
2018,5,4,12,0,0,1,2,-20.21,266.7,-7.476,262.2,-1.53,262.3,MTWA,1813,0,0
2018,5,4,12,0,0,1,2,-1.607,217.3,17.93,216.6,21.45,214.9,MTWA,1817,0,0
2018,5,4,12,0,0,1,2,33.04,208.9,52.44,205.7,54.68,198.1,MTWA,1821,0,0
2018,5,4,12,0,0,1,2,1.689,252,17.18,253.3,22.92,252.6,MTWA,1825,0,0
2018,5,4,12,0,0,1,1,9.944,220,29.42,219.8,33.15,216.9,MTWA,1830,0,0
2018,5,4,12,0,0,1,2,20.41,320.9,14.09,325.9,17.37,327.4,MTWA,1834,0,0
2018,5,4,12,0,0,1,2,-10.68,229.6,8.274,228.7,12.77,228,MTWA,1838,0,0
2018,5,4,12,0,0,1,1,2.235,227.8,21.29,227.9,25.69,226.2,MTWA,1843,0,0
2018,5,4,12,0,0,1,2,12.25,80.27,-1.777,78.21,-7.652,78.1,MTWA,1847,0,0
2018,5,4,12,0,0,1,2,-36.96,239.8,-18.87,235,-13.91,236,MTWA,1851,0,0
2018,5,4,12,0,0,1,2,-31.9,198.1,-13.09,199.5,-11,200.7,MTWA,1855,0,0
2018,5,4,12,0,0,1,2,-8.872,232.9,9.769,232.2,14.49,231.4,MTWA,1860,0,0
2018,5,4,12,0,0,1,2,-1.006,288.1,4.693,287.9,10.39,288.2,MTWA,1864,0,0
2018,5,4,12,0,0,1,2,-24.06,188.8,-6.334,190.3,-5.211,190.9,MTWA,1868,0,0
2018,5,4,12,0,0,1,2,-47.05,344.8,-56.64,321.8,-52.66,315.5,MTWA,1873,0,0
2018,5,4,12,0,0,1,0,-60.87,35.53,-80.42,35.39,-82.19,357,MTWA,1877,0,0
2018,5,4,12,0,0,1,2,-37.37,233.5,-18.63,229.7,-14,230.8,MTWA,1881,0,0
2018,5,4,12,0,0,1,2,-34.99,208.7,-15.54,208.9,-12.56,210.2,MTWA,1885,0,0
2018,5,4,12,0,0,1,0,-42.43,107.7,-45.23,125.8,-49.97,129.8,MTWA,1890,0,0
2018,5,4,12,0,0,1,0,-76.12,319.6,-69.2,255.3,-63.36,258.4,MTWA,1894,0,0
2018,5,4,12,0,0,1,0,-27.42,156,-16.38,161.7,-18.15,163.5,MTWA,1898,0,0
2018,5,4,12,0,0,1,0,-0.858,212.4,18.67,211.5,21.73,209.6,MTWA,1903,0,0
2018,5,4,12,0,0,1,0,-17.51,238.2,0.5844,236.3,5.581,236.1,MTWA,1907,0,0
2018,5,4,12,0,0,1,0,-31.11,242.5,-13.43,238.2,-8.304,238.8,MTWA,1911,0,0
2018,5,4,12,0,0,1,0,-31.06,237.5,-12.77,233.9,-7.889,234.5,MTWA,1915,0,0
2018,5,4,12,0,0,1,0,-30.35,234.8,-11.78,231.6,-7.042,232.2,MTWA,1920,0,0
2018,5,4,12,0,0,1,0,-24.07,230.2,-5.119,228.1,-0.6314,228.3,MTWA,1924,0,0
2018,5,4,12,0,0,1,0,-15.96,219,3.548,218.1,7.244,217.6,MTWA,1928,0,0
2018,5,4,12,0,0,1,0,-16.18,196.1,2.363,196.1,4.027,195.8,MTWA,1933,0,0
2018,5,4,12,0,0,1,0,-42.88,167.3,-28.47,176.2,-28.68,179.5,MTWA,1937,0,0
2018,5,4,12,0,0,1,0,-76.39,290.5,-63.62,245.2,-58.08,249.4,MTWA,1941,0,0
2018,5,4,12,0,0,1,0,20.82,222.1,40.2,222.9,44.13,218.8,MTWA,1945,0,0
2018,5,4,12,0,0,1,2,-18.94,188.5,-1.316,189.2,-0.3315,189.3,MTWA,1950,0,0
2018,5,4,12,0,0,1,1,16.74,217.7,36.27,217.4,39.76,213.6,MTWA,1954,0,0
2018,5,4,12,0,0,1,2,14.92,219.3,34.42,219.2,38.08,215.7,MTWA,1958,0,0
2018,5,4,12,0,0,1,2,-76.75,221.7,-57.25,217.1,-53.34,223.7,MTWA,1963,0,0
2018,5,4,12,0,0,1,2,-52.4,226.3,-33.11,222.5,-28.94,225.1,MTWA,1967,0,0
2018,5,4,12,0,0,1,2,-34.15,220.9,-14.68,219.3,-10.82,220.3,MTWA,1971,0,0
2018,5,4,12,0,0,1,1,14.74,223,34.09,223.5,38.1,220.3,MTWA,1975,0,0
2018,5,4,12,0,0,1,2,12.53,248.4,28.54,251.9,34.22,250.7,MTWA,1980,0,0
2018,5,4,12,0,0,1,2,-29.91,251.2,-13.6,246,-8.105,246.5,MTWA,1984,0,0
2018,5,4,12,0,0,1,2,1.405,276.5,10.58,277.6,16.52,277.7,MTWA,1988,0,0
2018,5,4,12,0,0,1,1,16.18,206.1,35.44,203.6,37.65,199.5,MTWA,1993,0,0
2018,5,4,12,0,0,1,2,20.9,270.5,30.92,278,36.85,278.6,MTWA,1997,0,0
2018,5,4,12,0,0,1,2,1.26,284.5,8.001,285.2,13.78,285.5,MTWA,2001,0,0
2018,5,4,12,0,0,1,1,3.12,187.4,20.3,184.6,20.67,182.4,MTWA,2005,0,0
2018,5,4,12,0,0,1,2,-11.37,255.9,3.606,254.3,9.382,254.1,MTWA,2010,0,0
2018,5,4,12,0,0,1,2,49.53,102.6,39.29,85.12,33.31,85.48,MTWA,2014,0,0
2018,5,4,12,0,0,1,2,4.865,251.4,20.43,253.3,26.17,252.5,MTWA,2018,0,0
2018,5,4,12,0,0,1,2,10.35,280.6,17.84,284.4,23.64,285,MTWA,2023,0,0
2018,5,4,12,0,0,1,1,-7.944,193.8,10.28,192.9,11.57,191.7,MTWA,2027,0,0
2018,5,4,12,0,0,1,1,2.577,181.9,18.78,179,18.58,177,MTWA,2031,0,0
2018,5,4,12,0,0,1,1,14.17,204.3,33.31,201.7,35.35,197.8,MTWA,2035,0,0
2018,5,4,12,0,0,1,2,4.91,272.3,15.16,274.5,21.14,274.7,MTWA,2040,0,0
2018,5,4,12,0,0,1,2,37.18,219.3,56.67,220.3,60.23,212.4,MTWA,2044,0,0
2018,5,4,12,0,0,1,2,30.35,290.5,33.33,301.8,38.35,304.2,MTWA,2048,0,0
2018,5,4,12,0,0,1,2,-40.83,338,-48.87,319.1,-44.75,314.5,MTWA,2053,0,0
2018,5,4,12,0,0,1,0,63.96,294.4,60.95,331.8,63.29,342.2,MTWA,2057,0,0
2018,5,4,12,0,0,1,2,-8.303,261.9,5.221,260.7,11.14,260.6,MTWA,2061,0,0
2018,5,4,12,0,0,1,2,6.11,192.4,24.03,189.5,24.89,186.8,MTWA,2065,0,0
2018,5,4,12,0,0,1,1,-2.732,246,14.02,246.2,19.5,245.5,MTWA,2070,0,0
2018,5,4,12,0,0,1,2,-14.26,218.4,5.268,217.5,8.909,216.9,MTWA,2074,0,0
2018,5,4,12,0,0,1,1,-21.47,196,-2.907,196.5,-1.17,196.7,MTWA,2078,0,0
2018,5,4,12,0,0,1,1,-17.05,185.3,0.06539,185.9,0.7005,185.9,MTWA,2083,0,0
2018,5,4,12,0,0,1,1,-11.23,178.3,4.529,178.2,4.329,177.7,MTWA,2087,0,0
2018,5,4,12,0,0,1,1,-5.394,173,9.104,171.7,8.209,170.8,MTWA,2091,0,0
2018,5,4,12,0,0,1,1,-0.02795,168.5,13.25,166,11.74,164.7,MTWA,2095,0,0
2018,5,4,12,0,0,1,1,4.783,164.4,16.84,160.7,14.78,159.1,MTWA,2100,0,0
2018,5,4,12,0,0,1,1,8.939,160.7,19.77,155.6,17.22,153.8,MTWA,2104,0,0
2018,5,4,12,0,0,1,1,12.48,157.1,22.1,150.9,19.1,149,MTWA,2108,0,0
2018,5,4,12,0,0,1,1,14.87,154.1,23.48,147.2,20.15,145.2,MTWA,2112,0,0
2018,5,4,12,0,0,1,1,16.02,152.2,23.97,144.8,20.44,142.9,MTWA,2117,0,0
2018,5,4,12,0,0,1,1,17,150.4,24.31,142.7,20.6,140.7,MTWA,2121,0,0
2018,5,4,12,0,0,1,1,17.92,148.6,24.6,140.5,20.71,138.6,MTWA,2125,0,0
2018,5,4,12,0,0,1,1,18.6,147,24.72,138.7,20.69,136.8,MTWA,2130,0,0
2018,5,4,12,0,0,1,1,19.31,145.2,24.83,136.7,20.66,135,MTWA,2134,0,0
2018,5,4,12,0,0,1,1,19.83,143.7,24.83,135.1,20.53,133.4,MTWA,2138,0,0
2018,5,4,12,0,0,1,1,20.31,142.2,24.78,133.5,20.37,131.8,MTWA,2142,0,0
2018,5,4,12,0,0,1,1,20.7,140.8,24.68,132,20.17,130.3,MTWA,2147,0,0
2018,5,4,12,0,0,1,1,21,139.5,24.53,130.6,19.92,129,MTWA,2151,0,0
2018,5,4,12,0,0,1,1,21.22,138.3,24.34,129.3,19.65,127.8,MTWA,2155,0,0
2018,5,4,12,0,0,1,1,21.43,137.1,24.12,128.1,19.36,126.6,MTWA,2160,0,0
2018,5,4,12,0,0,1,1,21.54,136.1,23.87,127,19.05,125.7,MTWA,2164,0,0
2018,5,4,12,0,0,1,1,21.74,134.6,23.56,125.6,18.64,124.2,MTWA,2168,0,0
2018,5,4,12,0,0,1,1,22.16,131.9,23.06,122.9,17.99,121.7,MTWA,2172,0,0
2018,5,4,12,0,0,1,1,22.5,129.2,22.47,120.2,17.26,119.2,MTWA,2177,0,0
2018,5,4,12,0,0,1,1,22.7,126.7,21.84,117.9,16.52,116.9,MTWA,2181,0,0
2018,5,4,12,0,0,1,1,22.81,124.4,21.17,115.7,15.75,114.8,MTWA,2185,0,0
2018,5,4,12,0,0,1,1,22.83,122.3,20.47,113.7,14.97,112.9,MTWA,2190,0,0
2018,5,4,12,0,0,1,1,22.8,120.1,19.73,111.7,14.15,111,MTWA,2194,0,0
2018,5,4,12,0,0,1,1,22.7,118,18.98,109.9,13.33,109.3,MTWA,2198,0,0
2018,5,4,12,0,0,1,1,22.57,116,18.2,108.1,12.5,107.6,MTWA,2202,0,0
2018,5,4,12,0,0,1,1,22.37,114.2,17.43,106.4,11.67,106,MTWA,2207,0,0
2018,5,4,12,0,0,1,1,22.15,112.3,16.64,104.9,10.84,104.5,MTWA,2211,0,0
2018,5,4,12,0,0,1,1,21.87,110.7,15.87,103.5,10.04,103.2,MTWA,2215,0,0
2018,5,4,12,0,0,1,1,21.58,109.1,15.1,102.1,9.231,101.9,MTWA,2220,0,0
2018,5,4,12,0,0,1,1,21.26,107.6,14.32,100.8,8.423,100.6,MTWA,2224,0,0
2018,5,4,12,0,0,1,1,20.94,106,13.53,99.51,7.614,99.33,MTWA,2228,0,0
2018,5,4,12,0,0,1,1,20.57,104.7,12.79,98.44,6.854,98.29,MTWA,2232,0,0
2018,5,4,12,0,0,1,1,20.22,103.2,12,97.19,6.052,97.07,MTWA,2237,0,0
2018,5,4,12,0,0,1,1,19.84,101.9,11.27,96.16,5.305,96.07,MTWA,2241,0,0
2018,5,4,12,0,0,1,1,19.45,100.7,10.54,95.16,4.565,95.09,MTWA,2245,0,0
2018,5,4,12,0,0,1,1,19.06,99.47,9.817,94.18,3.835,94.13,MTWA,2250,0,0
2018,5,4,12,0,0,1,1,18.67,98.3,9.105,93.23,3.116,93.19,MTWA,2254,0,0
2018,5,4,12,0,0,1,1,18.27,97.15,8.399,92.3,2.406,92.28,MTWA,2258,0,0
2018,5,4,12,0,0,1,1,17.87,96.22,7.754,91.57,1.758,91.56,MTWA,2262,0,0
2018,5,4,12,0,0,1,1,17.48,95.12,7.069,90.68,1.071,90.67,MTWA,2267,0,0
2018,5,4,12,0,0,1,1,17.08,94.24,6.446,89.98,0.4471,89.98,MTWA,2271,0,0
2018,5,4,12,0,0,1,1,16.69,93.19,5.782,89.12,-0.2163,89.13,MTWA,2275,0,0
2018,5,4,12,0,0,1,1,16.3,92.34,5.182,88.45,-0.8156,88.46,MTWA,2280,0,0
2018,5,4,12,0,0,1,1,15.92,91.34,4.541,87.63,-1.453,87.63,MTWA,2284,0,0
2018,5,4,12,0,0,1,1,15.54,90.53,3.962,86.98,-2.029,86.99,MTWA,2288,0,0
2018,5,4,12,0,0,1,1,15.17,89.73,3.396,86.35,-2.591,86.35,MTWA,2292,0,0
2018,5,4,12,0,0,1,1,14.81,88.95,2.841,85.72,-3.143,85.72,MTWA,2297,0,0
2018,5,4,12,0,0,1,1,14.45,88.19,2.298,85.11,-3.68,85.1,MTWA,2301,0,0
2018,5,4,12,0,0,1,1,14.1,87.44,1.766,84.5,-4.207,84.49,MTWA,2305,0,0
2018,5,4,12,0,0,1,1,13.75,86.71,1.246,83.91,-4.721,83.88,MTWA,2310,0,0
2018,5,4,12,0,0,1,1,13.41,85.99,0.7376,83.32,-5.223,83.29,MTWA,2314,0,0
2018,5,4,12,0,0,1,1,13.08,85.29,0.2391,82.74,-5.714,82.7,MTWA,2318,0,0
2018,5,4,12,0,0,1,1,12.76,84.6,-0.2473,82.18,-6.193,82.13,MTWA,2322,0,0
2018,5,4,12,0,0,1,1,12.44,83.92,-0.724,81.62,-6.661,81.56,MTWA,2327,0,0
2018,5,4,12,0,0,1,1,12.14,83.41,-1.137,81.21,-7.068,81.14,MTWA,2331,0,0
2018,5,4,12,0,0,1,1,11.83,82.76,-1.593,80.66,-7.514,80.58,MTWA,2335,0,0
2018,5,4,12,0,0,1,1,11.53,82.12,-2.037,80.13,-7.95,80.04,MTWA,2340,0,0
2018,5,4,12,0,0,1,1,11.26,81.64,-2.42,79.74,-8.325,79.64,MTWA,2344,0,0
2018,5,4,12,0,0,1,1,10.97,81.02,-2.846,79.22,-8.741,79.1,MTWA,2348,0,0
2018,5,4,12,0,0,1,1,10.71,80.56,-3.21,78.84,-9.098,78.72,MTWA,2352,0,0
2018,5,4,12,0,0,1,1,10.43,79.96,-3.617,78.34,-9.494,78.19,MTWA,2357,0,0
2018,5,4,12,0,0,1,1,10.18,79.52,-3.963,77.97,-9.833,77.82,MTWA,2361,0,0
2018,5,4,12,0,0,1,1,9.915,78.94,-4.353,77.48,-10.21,77.31,MTWA,2365,0,0
2018,5,4,12,0,0,1,1,9.675,78.52,-4.683,77.13,-10.53,76.95,MTWA,2370,0,0
2018,5,4,12,0,0,1,1,9.422,77.96,-5.055,76.65,-10.89,76.45,MTWA,2374,0,0
2018,5,4,12,0,0,1,1,9.193,77.55,-5.37,76.31,-11.2,76.1,MTWA,2378,0,0
2018,5,4,12,0,0,1,1,8.97,77.15,-5.676,75.97,-11.5,75.75,MTWA,2382,0,0
2018,5,4,12,0,0,1,1,8.731,76.62,-6.027,75.51,-11.84,75.27,MTWA,2387,0,0
2018,5,4,12,0,0,1,1,8.517,76.24,-6.319,75.19,-12.12,74.93,MTWA,2391,0,0
2018,5,4,12,0,0,1,1,8.308,75.86,-6.606,74.87,-12.4,74.6,MTWA,2395,0,0
2018,5,4,12,0,0,1,1,8.103,75.49,-6.885,74.56,-12.67,74.27,MTWA,2400,0,0
2018,5,4,12,0,0,1,1,7.882,75,-7.208,74.12,-12.98,73.82,MTWA,2404,0,0
2018,5,4,12,0,0,1,1,7.685,74.64,-7.476,73.82,-13.24,73.5,MTWA,2408,0,0
2018,5,4,12,0,0,1,1,7.492,74.29,-7.738,73.52,-13.49,73.19,MTWA,2412,0,0
2018,5,4,12,0,0,1,1,7.303,73.95,-7.995,73.22,-13.74,72.88,MTWA,2417,0,0
2018,5,4,12,0,0,1,1,7.118,73.61,-8.246,72.94,-13.98,72.58,MTWA,2421,0,0
2018,5,4,12,0,0,1,1,6.935,73.28,-8.493,72.65,-14.22,72.28,MTWA,2425,0,0
2018,5,4,12,0,0,1,1,6.734,72.83,-8.783,72.25,-14.5,71.86,MTWA,2430,0,0
2018,5,4,12,0,0,1,1,6.558,72.52,-9.02,71.97,-14.72,71.57,MTWA,2434,0,0
2018,5,4,12,0,0,1,1,6.385,72.2,-9.253,71.7,-14.95,71.29,MTWA,2438,0,0
2018,5,4,12,0,0,1,1,6.214,71.9,-9.482,71.44,-15.17,71.01,MTWA,2442,0,0
2018,5,4,12,0,0,1,1,6.046,71.6,-9.707,71.18,-15.38,70.73,MTWA,2447,0,0
2018,5,4,12,0,0,1,1,5.88,71.3,-9.928,70.92,-15.6,70.46,MTWA,2451,0,0
2018,5,4,12,0,0,1,1,5.716,71.02,-10.15,70.66,-15.8,70.19,MTWA,2455,0,0
2018,5,4,12,0,0,1,1,5.555,70.73,-10.36,70.42,-16.01,69.93,MTWA,2460,0,0
2018,5,4,12,0,0,1,1,5.395,70.45,-10.57,70.17,-16.21,69.67,MTWA,2464,0,0
2018,5,4,12,0,0,1,1,5.237,70.18,-10.78,69.93,-16.41,69.42,MTWA,2468,0,0
2018,5,4,12,0,0,1,1,5.081,69.91,-10.99,69.69,-16.61,69.17,MTWA,2472,0,0
2018,5,4,12,0,0,1,1,4.926,69.64,-11.19,69.46,-16.8,68.92,MTWA,2477,0,0
2018,5,4,12,0,0,1,1,4.773,69.38,-11.39,69.23,-16.99,68.68,MTWA,2481,0,0
2018,5,4,12,0,0,1,1,4.62,69.13,-11.59,69,-17.18,68.44,MTWA,2485,0,0
2018,5,4,12,0,0,1,1,4.469,68.88,-11.78,68.78,-17.37,68.2,MTWA,2490,0,0
2018,5,4,12,0,0,1,1,4.319,68.63,-11.98,68.56,-17.56,67.97,MTWA,2494,0,0
2018,5,4,12,0,0,1,1,4.17,68.38,-12.17,68.35,-17.74,67.74,MTWA,2498,0,0
2018,5,4,12,0,0,1,1,4.044,68.26,-12.32,68.25,-17.88,67.63,MTWA,2502,0,0
2018,5,4,12,0,0,1,1,3.896,68.02,-12.51,68.04,-18.06,67.41,MTWA,2507,0,0
2018,5,4,12,0,0,1,1,3.749,67.79,-12.69,67.83,-18.24,67.19,MTWA,2511,0,0
2018,5,4,12,0,0,1,1,3.603,67.56,-12.88,67.63,-18.42,66.97,MTWA,2515,0,0
2018,5,4,12,0,0,1,1,3.456,67.33,-13.07,67.43,-18.6,66.76,MTWA,2520,0,0
2018,5,4,12,0,0,1,1,3.31,67.11,-13.25,67.23,-18.77,66.55,MTWA,2524,0,0
2018,5,4,12,0,0,1,1,3.164,66.89,-13.43,67.04,-18.95,66.34,MTWA,2528,0,0
2018,5,4,12,0,0,1,1,3.019,66.68,-13.61,66.85,-19.12,66.14,MTWA,2532,0,0
2018,5,4,12,0,0,1,1,2.873,66.46,-13.8,66.66,-19.3,65.93,MTWA,2537,0,0
2018,5,4,12,0,0,1,1,2.75,66.36,-13.94,66.58,-19.43,65.84,MTWA,2541,0,0
2018,5,4,12,0,0,1,1,2.604,66.15,-14.12,66.39,-19.6,65.64,MTWA,2545,0,0
2018,5,4,12,0,0,1,1,2.459,65.95,-14.3,66.21,-19.78,65.45,MTWA,2550,0,0
2018,5,4,12,0,0,1,1,2.313,65.74,-14.48,66.03,-19.95,65.26,MTWA,2554,0,0
2018,5,4,12,0,0,1,1,2.166,65.54,-14.65,65.85,-20.12,65.07,MTWA,2558,0,0
2018,5,4,12,0,0,1,1,2.019,65.35,-14.83,65.68,-20.29,64.88,MTWA,2562,0,0
2018,5,4,12,0,0,1,1,1.872,65.15,-15.01,65.51,-20.46,64.69,MTWA,2567,0,0
2018,5,4,12,0,0,1,1,1.724,64.96,-15.19,65.34,-20.63,64.51,MTWA,2571,0,0
2018,5,4,12,0,0,1,1,1.576,64.77,-15.37,65.17,-20.8,64.33,MTWA,2575,0,0
2018,5,4,12,0,0,1,1,1.45,64.68,-15.51,65.1,-20.94,64.25,MTWA,2579,0,0
2018,5,4,12,0,0,1,1,1.301,64.49,-15.69,64.93,-21.11,64.07,MTWA,2584,0,0
2018,5,4,12,0,0,1,1,1.15,64.3,-15.87,64.77,-21.28,63.89,MTWA,2588,0,0
2018,5,4,12,0,0,1,1,0.9999,64.12,-16.05,64.61,-21.45,63.71,MTWA,2592,0,0
2018,5,4,12,0,0,1,1,0.8484,63.94,-16.23,64.45,-21.63,63.54,MTWA,2597,0,0
2018,5,4,12,0,0,1,1,0.6964,63.76,-16.41,64.29,-21.8,63.36,MTWA,2601,0,0
2018,5,4,12,0,0,1,1,0.5433,63.58,-16.59,64.13,-21.97,63.19,MTWA,2605,0,0
2018,5,4,12,0,0,1,1,0.3898,63.4,-16.77,63.97,-22.14,63.02,MTWA,2609,0,0
2018,5,4,12,0,0,1,1,0.2356,63.22,-16.95,63.82,-22.32,62.85,MTWA,2614,0,0
2018,5,4,12,0,0,1,1,0.1022,63.14,-17.1,63.76,-22.46,62.78,MTWA,2618,0,0
2018,5,4,12,0,0,1,1,-0.05376,62.97,-17.28,63.6,-22.64,62.61,MTWA,2622,0,0
2018,5,4,12,0,0,1,1,-0.2109,62.79,-17.46,63.45,-22.81,62.44,MTWA,2627,0,0
2018,5,4,12,0,0,1,1,-0.3685,62.62,-17.65,63.3,-22.99,62.27,MTWA,2631,0,0
2018,5,4,12,0,0,1,1,-0.5273,62.45,-17.83,63.14,-23.16,62.1,MTWA,2635,0,0
2018,5,4,12,0,0,1,1,-0.6865,62.27,-18.01,62.99,-23.34,61.94,MTWA,2639,0,0
2018,5,4,12,0,0,1,1,-0.8467,62.1,-18.2,62.84,-23.52,61.77,MTWA,2644,0,0
2018,5,4,12,0,0,1,1,-1.008,61.93,-18.39,62.69,-23.7,61.61,MTWA,2648,0,0
2018,5,4,12,0,0,1,1,-1.17,61.76,-18.57,62.54,-23.88,61.44,MTWA,2652,0,0
2018,5,4,12,0,0,1,1,-1.333,61.6,-18.76,62.4,-24.06,61.28,MTWA,2657,0,0
2018,5,4,12,0,0,1,1,-1.496,61.43,-18.95,62.25,-24.24,61.11,MTWA,2661,0,0
2018,5,4,12,0,0,1,1,-1.661,61.26,-19.14,62.1,-24.42,60.95,MTWA,2665,0,0
2018,5,4,12,0,0,1,1,-1.825,61.09,-19.33,61.95,-24.6,60.78,MTWA,2669,0,0
2018,5,4,12,0,0,1,1,-1.991,60.92,-19.52,61.8,-24.78,60.62,MTWA,2674,0,0
2018,5,4,12,0,0,1,1,-2.158,60.76,-19.71,61.65,-24.96,60.45,MTWA,2678,0,0
2018,5,4,12,0,0,1,1,-2.325,60.59,-19.9,61.5,-25.14,60.28,MTWA,2682,0,0
2018,5,4,12,0,0,1,1,-2.493,60.42,-20.09,61.36,-25.33,60.12,MTWA,2687,0,0
2018,5,4,12,0,0,1,1,-2.661,60.25,-20.28,61.21,-25.51,59.95,MTWA,2691,0,0
2018,5,4,12,0,0,1,1,-2.831,60.09,-20.47,61.06,-25.7,59.79,MTWA,2695,0,0
2018,5,4,12,0,0,1,1,-3,59.92,-20.67,60.91,-25.88,59.62,MTWA,2699,0,0
2018,5,4,12,0,0,1,1,-3.17,59.75,-20.86,60.76,-26.07,59.45,MTWA,2704,0,0
2018,5,4,12,0,0,1,1,-3.341,59.58,-21.05,60.61,-26.25,59.28,MTWA,2708,0,0
2018,5,4,12,0,0,1,1,-3.512,59.41,-21.25,60.46,-26.44,59.11,MTWA,2712,0,0
2018,5,4,12,0,0,1,1,-3.683,59.25,-21.44,60.3,-26.62,58.94,MTWA,2717,0,0
2018,5,4,12,0,0,1,1,-3.855,59.08,-21.63,60.15,-26.81,58.77,MTWA,2721,0,0
2018,5,4,12,0,0,1,1,-4.027,58.91,-21.83,60,-27,58.6,MTWA,2725,0,0
2018,5,4,12,0,0,1,1,-4.22,58.66,-22.06,59.77,-27.21,58.34,MTWA,2729,0,0
2018,5,4,12,0,0,1,1,-4.393,58.49,-22.25,59.61,-27.39,58.17,MTWA,2734,0,0
2018,5,4,12,0,0,1,1,-4.565,58.32,-22.45,59.46,-27.58,58,MTWA,2738,0,0
2018,5,4,12,0,0,1,1,-4.738,58.15,-22.64,59.3,-27.77,57.82,MTWA,2742,0,0
2018,5,4,12,0,0,1,1,-4.911,57.98,-22.84,59.14,-27.95,57.64,MTWA,2747,0,0
2018,5,4,12,0,0,1,1,-5.084,57.81,-23.03,58.99,-28.14,57.46,MTWA,2751,0,0
2018,5,4,12,0,0,1,1,-5.257,57.63,-23.23,58.83,-28.32,57.28,MTWA,2755,0,0
2018,5,4,12,0,0,1,1,-5.45,57.39,-23.45,58.59,-28.54,57.02,MTWA,2759,0,0
2018,5,4,12,0,0,1,1,-5.622,57.21,-23.65,58.43,-28.72,56.84,MTWA,2764,0,0
2018,5,4,12,0,0,1,1,-5.794,57.04,-23.84,58.27,-28.91,56.66,MTWA,2768,0,0
2018,5,4,12,0,0,1,1,-5.966,56.86,-24.03,58.11,-29.09,56.48,MTWA,2772,0,0
2018,5,4,12,0,0,1,1,-6.138,56.69,-24.23,57.94,-29.27,56.29,MTWA,2777,0,0
2018,5,4,12,0,0,1,1,-6.329,56.44,-24.45,57.7,-29.48,56.02,MTWA,2781,0,0
2018,5,4,12,0,0,1,1,-6.5,56.26,-24.64,57.53,-29.66,55.83,MTWA,2785,0,0
2018,5,4,12,0,0,1,1,-6.67,56.09,-24.84,57.37,-29.85,55.64,MTWA,2789,0,0
2018,5,4,12,0,0,1,1,-6.839,55.91,-25.03,57.2,-30.03,55.45,MTWA,2794,0,0
2018,5,4,12,0,0,1,1,-7.028,55.66,-25.25,56.95,-30.23,55.18,MTWA,2798,0,0
2018,5,4,12,0,0,1,1,-7.196,55.48,-25.44,56.78,-30.41,54.99,MTWA,2802,0,0
2018,5,4,12,0,0,1,1,-7.364,55.3,-25.63,56.61,-30.59,54.79,MTWA,2807,0,0
2018,5,4,12,0,0,1,1,-7.551,55.05,-25.84,56.36,-30.79,54.52,MTWA,2811,0,0
2018,5,4,12,0,0,1,1,-7.717,54.86,-26.03,56.18,-30.97,54.32,MTWA,2815,0,0
2018,5,4,12,0,0,1,1,-7.881,54.68,-26.22,56.01,-31.14,54.12,MTWA,2819,0,0
2018,5,4,12,0,0,1,1,-8.065,54.43,-26.43,55.76,-31.34,53.84,MTWA,2824,0,0
2018,5,4,12,0,0,1,1,-8.228,54.24,-26.61,55.58,-31.51,53.63,MTWA,2828,0,0
2018,5,4,12,0,0,1,1,-8.39,54.06,-26.8,55.39,-31.68,53.43,MTWA,2832,0,0
2018,5,4,12,0,0,1,1,-8.571,53.81,-27.01,55.14,-31.87,53.14,MTWA,2837,0,0
2018,5,4,12,0,0,1,1,-8.73,53.62,-27.19,54.95,-32.04,52.94,MTWA,2841,0,0
2018,5,4,12,0,0,1,1,-8.888,53.43,-27.36,54.77,-32.21,52.73,MTWA,2845,0,0
2018,5,4,12,0,0,1,1,-9.065,53.18,-27.57,54.51,-32.4,52.44,MTWA,2849,0,0
2018,5,4,12,0,0,1,1,-9.22,52.99,-27.75,54.32,-32.56,52.23,MTWA,2854,0,0
2018,5,4,12,0,0,1,1,-9.395,52.73,-27.95,54.06,-32.75,51.93,MTWA,2858,0,0
2018,5,4,12,0,0,1,1,-9.547,52.54,-28.12,53.87,-32.91,51.72,MTWA,2862,0,0
2018,5,4,12,0,0,1,1,-9.719,52.28,-28.32,53.6,-33.09,51.42,MTWA,2867,0,0
2018,5,4,12,0,0,1,1,-9.868,52.09,-28.49,53.41,-33.24,51.2,MTWA,2871,0,0
2018,5,4,12,0,0,1,1,-10.02,51.9,-28.66,53.21,-33.4,50.98,MTWA,2875,0,0
2018,5,4,12,0,0,1,1,-10.18,51.64,-28.85,52.94,-33.57,50.69,MTWA,2879,0,0
2018,5,4,12,0,0,1,1,-10.33,51.44,-29.02,52.74,-33.72,50.46,MTWA,2884,0,0
2018,5,4,12,0,0,1,1,-10.49,51.18,-29.21,52.47,-33.9,50.16,MTWA,2888,0,0
2018,5,4,12,0,0,1,1,-10.63,50.99,-29.37,52.27,-34.04,49.93,MTWA,2892,0,0
2018,5,4,12,0,0,1,1,-10.79,50.73,-29.55,52,-34.21,49.63,MTWA,2897,0,0
2018,5,4,12,0,0,1,1,-10.93,50.53,-29.71,51.79,-34.35,49.4,MTWA,2901,0,0
2018,5,4,12,0,0,1,1,-11.09,50.27,-29.89,51.52,-34.51,49.09,MTWA,2905,0,0
2018,5,4,12,0,0,1,1,-11.22,50.07,-30.04,51.31,-34.65,48.86,MTWA,2909,0,0
2018,5,4,12,0,0,1,1,-11.38,49.81,-30.22,51.03,-34.81,48.55,MTWA,2914,0,0
2018,5,4,12,0,0,1,1,-11.51,49.61,-30.37,50.82,-34.94,48.32,MTWA,2918,0,0
2018,5,4,12,0,0,1,1,-11.66,49.35,-30.54,50.54,-35.1,48,MTWA,2922,0,0
2018,5,4,12,0,0,1,1,-11.78,49.15,-30.69,50.33,-35.23,47.77,MTWA,2927,0,0
2018,5,4,12,0,0,1,1,-11.93,48.88,-30.86,50.04,-35.38,47.45,MTWA,2931,0,0
2018,5,4,12,0,0,1,1,-12.05,48.68,-31,49.83,-35.5,47.21,MTWA,2935,0,0
2018,5,4,12,0,0,1,1,-12.19,48.42,-31.16,49.54,-35.64,46.9,MTWA,2939,0,0
2018,5,4,12,0,0,1,1,-12.33,48.15,-31.33,49.26,-35.78,46.58,MTWA,2944,0,0
2018,5,4,12,0,0,1,1,-12.45,47.95,-31.46,49.04,-35.9,46.34,MTWA,2948,0,0
2018,5,4,12,0,0,1,1,-12.58,47.69,-31.62,48.75,-36.04,46.01,MTWA,2952,0,0
2018,5,4,12,0,0,1,1,-12.7,47.48,-31.75,48.53,-36.15,45.77,MTWA,2957,0,0
2018,5,4,12,0,0,1,1,-12.83,47.22,-31.9,48.24,-36.28,45.45,MTWA,2961,0,0
2018,5,4,12,0,0,1,1,-12.94,47.02,-32.02,48.02,-36.39,45.2,MTWA,2965,0,0
2018,5,4,12,0,0,1,1,-13.07,46.75,-32.17,47.72,-36.52,44.88,MTWA,2969,0,0
2018,5,4,12,0,0,1,1,-13.19,46.48,-32.32,47.43,-36.64,44.55,MTWA,2974,0,0
2018,5,4,12,0,0,1,1,-13.3,46.28,-32.44,47.2,-36.74,44.3,MTWA,2978,0,0
2018,5,4,12,0,0,1,1,-13.42,46.01,-32.58,46.91,-36.86,43.98,MTWA,2982,0,0
2018,5,4,12,0,0,1,1,-13.52,45.81,-32.69,46.68,-36.95,43.73,MTWA,2986,0,0
2018,5,4,12,0,0,1,1,-13.63,45.54,-32.83,46.38,-37.07,43.4,MTWA,2991,0,0
2018,5,4,12,0,0,1,1,-13.73,45.34,-32.94,46.16,-37.16,43.15,MTWA,2995,0,0
2018,5,4,12,0,0,1,1,-13.84,45.07,-33.07,45.85,-37.27,42.82,MTWA,2999,0,0
2018,5,4,12,0,0,1,1,-13.95,44.8,-33.2,45.55,-37.37,42.49,MTWA,3004,0,0
2018,5,4,12,0,0,1,1,-14.04,44.6,-33.3,45.33,-37.46,42.24,MTWA,3008,0,0
2018,5,4,12,0,0,1,1,-14.15,44.33,-33.42,45.02,-37.56,41.91,MTWA,3012,0,0
2018,5,4,12,0,0,1,1,-14.24,44.13,-33.52,44.79,-37.63,41.65,MTWA,3016,0,0
2018,5,4,12,0,0,1,1,-14.34,43.86,-33.64,44.49,-37.73,41.32,MTWA,3021,0,0
2018,5,4,12,0,0,1,1,-14.44,43.59,-33.76,44.18,-37.82,40.99,MTWA,3025,0,0
2018,5,4,12,0,0,1,1,-14.52,43.39,-33.85,43.96,-37.9,40.74,MTWA,3029,0,0
2018,5,4,12,0,0,1,1,-14.62,43.12,-33.96,43.65,-37.98,40.4,MTWA,3034,0,0
2018,5,4,12,0,0,1,1,-14.7,42.92,-34.05,43.42,-38.05,40.15,MTWA,3038,0,0
2018,5,4,12,0,0,1,1,-14.79,42.65,-34.16,43.11,-38.13,39.82,MTWA,3042,0,0
2018,5,4,12,0,0,1,1,-14.89,42.38,-34.26,42.8,-38.22,39.48,MTWA,3046,0,0
2018,5,4,12,0,0,1,1,-14.95,42.18,-34.34,42.57,-38.28,39.23,MTWA,3051,0,0
2018,5,4,12,0,0,1,1,-15.04,41.91,-34.44,42.27,-38.35,38.89,MTWA,3055,0,0
2018,5,4,12,0,0,1,1,-15.11,41.71,-34.52,42.04,-38.41,38.64,MTWA,3059,0,0
2018,5,4,12,0,0,1,1,-15.2,41.44,-34.62,41.73,-38.48,38.31,MTWA,3064,0,0
2018,5,4,12,0,0,1,1,-15.28,41.17,-34.71,41.42,-38.55,37.97,MTWA,3068,0,0
2018,5,4,12,0,0,1,1,-15.34,40.98,-34.78,41.19,-38.6,37.72,MTWA,3072,0,0
2018,5,4,12,0,0,1,1,-15.42,40.71,-34.87,40.88,-38.67,37.39,MTWA,3076,0,0
2018,5,4,12,0,0,1,1,-15.48,40.51,-34.94,40.65,-38.71,37.14,MTWA,3081,0,0
2018,5,4,12,0,0,1,1,-15.56,40.24,-35.03,40.34,-38.77,36.8,MTWA,3085,0,0
2018,5,4,12,0,0,1,1,-15.61,40.05,-35.09,40.11,-38.81,36.56,MTWA,3089,0,0
2018,5,4,12,0,0,1,1,-15.69,39.78,-35.17,39.8,-38.87,36.22,MTWA,3094,0,0
2018,5,4,12,0,0,1,1,-15.76,39.51,-35.25,39.49,-38.93,35.89,MTWA,3098,0,0
2018,5,4,12,0,0,1,1,-15.81,39.32,-35.31,39.26,-38.96,35.64,MTWA,3102,0,0
2018,5,4,12,0,0,1,1,-15.88,39.05,-35.38,38.95,-39.01,35.31,MTWA,3106,0,0
2018,5,4,12,0,0,1,1,-15.93,38.86,-35.44,38.72,-39.04,35.06,MTWA,3111,0,0
2018,5,4,12,0,0,1,1,-16,38.6,-35.51,38.41,-39.09,34.73,MTWA,3115,0,0
2018,5,4,12,0,0,1,1,-16.04,38.4,-35.56,38.19,-39.12,34.49,MTWA,3119,0,0
2018,5,4,12,0,0,1,1,-16.1,38.14,-35.63,37.88,-39.16,34.16,MTWA,3124,0,0
2018,5,4,12,0,0,1,1,-16.15,37.95,-35.67,37.65,-39.19,33.92,MTWA,3128,0,0
2018,5,4,12,0,0,1,1,-16.21,37.69,-35.74,37.34,-39.23,33.58,MTWA,3132,0,0
2018,5,4,12,0,0,1,1,-16.25,37.5,-35.78,37.12,-39.25,33.35,MTWA,3136,0,0
2018,5,4,12,0,0,1,1,-16.31,37.23,-35.85,36.81,-39.29,33.01,MTWA,3141,0,0
2018,5,4,12,0,0,1,1,-16.34,37.05,-35.88,36.59,-39.3,32.78,MTWA,3145,0,0
2018,5,4,12,0,0,1,1,-16.4,36.79,-35.94,36.28,-39.34,32.45,MTWA,3149,0,0
2018,5,4,12,0,0,1,1,-16.43,36.6,-35.98,36.06,-39.35,32.21,MTWA,3154,0,0
2018,5,4,12,0,0,1,1,-16.49,36.34,-36.04,35.75,-39.38,31.89,MTWA,3158,0,0
2018,5,4,12,0,0,1,1,-16.52,36.15,-36.07,35.53,-39.4,31.65,MTWA,3162,0,0
2018,5,4,12,0,0,1,1,-16.57,35.89,-36.13,35.23,-39.42,31.33,MTWA,3166,0,0
2018,5,4,12,0,0,1,1,-16.6,35.71,-36.15,35.01,-39.43,31.1,MTWA,3171,0,0
2018,5,4,12,0,0,1,1,-16.65,35.45,-36.21,34.7,-39.46,30.77,MTWA,3175,0,0
2018,5,4,12,0,0,1,1,-16.68,35.27,-36.23,34.49,-39.46,30.54,MTWA,3179,0,0
2018,5,4,12,0,0,1,1,-16.73,35.01,-36.28,34.18,-39.49,30.22,MTWA,3184,0,0
2018,5,4,12,0,0,1,1,-16.75,34.83,-36.31,33.97,-39.49,29.99,MTWA,3188,0,0
2018,5,4,12,0,0,1,1,-16.8,34.58,-36.36,33.66,-39.51,29.67,MTWA,3192,0,0
2018,5,4,12,0,0,1,1,-16.83,34.4,-36.38,33.45,-39.51,29.45,MTWA,3196,0,0
2018,5,4,12,0,0,1,1,-16.87,34.15,-36.42,33.15,-39.53,29.13,MTWA,3201,0,0
2018,5,4,12,0,0,1,1,-16.89,33.97,-36.44,32.94,-39.53,28.91,MTWA,3205,0,0
2018,5,4,12,0,0,1,1,-16.91,33.79,-36.46,32.73,-39.53,28.69,MTWA,3209,0,0
2018,5,4,12,0,0,1,1,-16.96,33.54,-36.5,32.43,-39.54,28.37,MTWA,3214,0,0
2018,5,4,12,0,0,1,1,-16.98,33.37,-36.52,32.22,-39.54,28.15,MTWA,3218,0,0
2018,5,4,12,0,0,1,1,-17.02,33.12,-36.56,31.92,-39.55,27.84,MTWA,3222,0,0
2018,5,4,12,0,0,1,1,-17.04,32.94,-36.57,31.72,-39.55,27.62,MTWA,3226,0,0
2018,5,4,12,0,0,1,1,-17.08,32.69,-36.61,31.42,-39.56,27.31,MTWA,3231,0,0
2018,5,4,12,0,0,1,1,-17.09,32.52,-36.62,31.21,-39.55,27.1,MTWA,3235,0,0
2018,5,4,12,0,0,1,1,-17.11,32.35,-36.64,31.01,-39.55,26.88,MTWA,3239,0,0
2018,5,4,12,0,0,1,1,-17.15,32.11,-36.67,30.72,-39.55,26.57,MTWA,3244,0,0
2018,5,4,12,0,0,1,1,-17.16,31.94,-36.68,30.52,-39.54,26.36,MTWA,3248,0,0
2018,5,4,12,0,0,1,1,-17.18,31.77,-36.69,30.32,-39.54,26.16,MTWA,3252,0,0
2018,5,4,12,0,0,1,1,-17.22,31.53,-36.72,30.02,-39.54,25.85,MTWA,3256,0,0
2018,5,4,12,0,0,1,1,-17.23,31.36,-36.73,29.83,-39.53,25.65,MTWA,3261,0,0
2018,5,4,12,0,0,1,1,-17.27,31.12,-36.76,29.53,-39.53,25.34,MTWA,3265,0,0
2018,5,4,12,0,0,1,1,-17.28,30.95,-36.77,29.34,-39.52,25.14,MTWA,3269,0,0
2018,5,4,12,0,0,1,1,-17.29,30.79,-36.78,29.15,-39.51,24.94,MTWA,3274,0,0
2018,5,4,12,0,0,1,1,-17.33,30.55,-36.81,28.86,-39.51,24.63,MTWA,3278,0,0
2018,5,4,12,0,0,1,1,-17.34,30.39,-36.81,28.67,-39.5,24.44,MTWA,3282,0,0
2018,5,4,12,0,0,1,1,-17.35,30.23,-36.82,28.48,-39.49,24.24,MTWA,3286,0,0
2018,5,4,12,0,0,1,1,-17.39,29.99,-36.85,28.19,-39.49,23.94,MTWA,3291,0,0
2018,5,4,12,0,0,1,1,-17.4,29.84,-36.85,28,-39.47,23.75,MTWA,3295,0,0
2018,5,4,12,0,0,1,1,-17.4,29.68,-36.85,27.81,-39.46,23.56,MTWA,3299,0,0
2018,5,4,12,0,0,1,1,-17.41,29.53,-36.86,27.63,-39.44,23.37,MTWA,3304,0,0
2018,5,4,12,0,0,1,1,-17.45,29.29,-36.88,27.34,-39.44,23.07,MTWA,3308,0,0
2018,5,4,12,0,0,1,1,-17.46,29.14,-36.88,27.16,-39.43,22.88,MTWA,3312,0,0
2018,5,4,12,0,0,1,1,-17.47,28.98,-36.89,26.98,-39.41,22.69,MTWA,3316,0,0
2018,5,4,12,0,0,1,1,-17.5,28.75,-36.91,26.7,-39.41,22.4,MTWA,3321,0,0
2018,5,4,12,0,0,1,1,-17.51,28.6,-36.91,26.52,-39.39,22.22,MTWA,3325,0,0
2018,5,4,12,0,0,1,1,-17.52,28.45,-36.91,26.34,-39.38,22.03,MTWA,3329,0,0
2018,5,4,12,0,0,1,1,-17.52,28.3,-36.91,26.17,-39.36,21.85,MTWA,3334,0,0
2018,5,4,12,0,0,1,1,-17.56,28.07,-36.94,25.89,-39.35,21.56,MTWA,3338,0,0
2018,5,4,12,0,0,1,1,-17.57,27.92,-36.94,25.71,-39.34,21.38,MTWA,3342,0,0
2018,5,4,12,0,0,1,1,-17.57,27.78,-36.94,25.54,-39.32,21.21,MTWA,3346,0,0
2018,5,4,12,0,0,1,1,-17.58,27.64,-36.94,25.37,-39.3,21.03,MTWA,3351,0,0
2018,5,4,12,0,0,1,1,-17.61,27.41,-36.96,25.09,-39.3,20.75,MTWA,3355,0,0
2018,5,4,12,0,0,1,1,-17.62,27.27,-36.96,24.93,-39.28,20.57,MTWA,3359,0,0
2018,5,4,12,0,0,1,1,-17.63,27.12,-36.96,24.76,-39.26,20.4,MTWA,3364,0,0
2018,5,4,12,0,0,1,1,-17.64,26.99,-36.96,24.59,-39.25,20.23,MTWA,3368,0,0
2018,5,4,12,0,0,1,1,-17.67,26.76,-36.98,24.32,-39.24,19.95,MTWA,3372,0,0
2018,5,4,12,0,0,1,1,-17.68,26.62,-36.98,24.15,-39.22,19.78,MTWA,3376,0,0
2018,5,4,12,0,0,1,1,-17.68,26.48,-36.97,23.99,-39.21,19.61,MTWA,3381,0,0
2018,5,4,12,0,0,1,1,-17.69,26.35,-36.97,23.83,-39.19,19.45,MTWA,3385,0,0
2018,5,4,12,0,0,1,1,-17.7,26.21,-36.97,23.67,-39.17,19.28,MTWA,3389,0,0
2018,5,4,12,0,0,1,1,-17.73,25.99,-36.99,23.4,-39.17,19.01,MTWA,3394,0,0
2018,5,4,12,0,0,1,1,-17.74,25.86,-36.99,23.24,-39.15,18.85,MTWA,3398,0,0
2018,5,4,12,0,0,1,1,-17.75,25.73,-36.99,23.09,-39.13,18.69,MTWA,3402,0,0
2018,5,4,12,0,0,1,1,-17.76,25.6,-36.99,22.93,-39.12,18.53,MTWA,3406,0,0
2018,5,4,12,0,0,1,1,-17.76,25.47,-36.99,22.77,-39.1,18.37,MTWA,3411,0,0
2018,5,4,12,0,0,1,1,-17.77,25.34,-36.99,22.62,-39.08,18.21,MTWA,3415,0,0
2018,5,4,12,0,0,1,1,-17.8,25.12,-37.01,22.36,-39.08,17.94,MTWA,3419,0,0
2018,5,4,12,0,0,1,1,-17.81,24.99,-37.01,22.21,-39.06,17.79,MTWA,3423,0,0
2018,5,4,12,0,0,1,1,-17.82,24.87,-37,22.06,-39.05,17.63,MTWA,3428,0,0
2018,5,4,12,0,0,1,1,-17.83,24.74,-37,21.91,-39.03,17.48,MTWA,3432,0,0
2018,5,4,12,0,0,1,1,-17.84,24.62,-37,21.76,-39.01,17.33,MTWA,3436,0,0
2018,5,4,12,0,0,1,1,-17.85,24.5,-37,21.61,-39,17.18,MTWA,3441,0,0
2018,5,4,12,0,0,1,1,-17.85,24.37,-37,21.47,-38.98,17.03,MTWA,3445,0,0
2018,5,4,12,0,0,1,1,-17.89,24.16,-37.02,21.21,-38.98,16.77,MTWA,3449,0,0
2018,5,4,12,0,0,1,1,-17.9,24.04,-37.02,21.07,-38.96,16.62,MTWA,3453,0,0
2018,5,4,12,0,0,1,1,-17.91,23.92,-37.02,20.92,-38.95,16.48,MTWA,3458,0,0
2018,5,4,12,0,0,1,1,-17.92,23.8,-37.02,20.78,-38.93,16.33,MTWA,3462,0,0
2018,5,4,12,0,0,1,1,-17.93,23.69,-37.02,20.64,-38.92,16.19,MTWA,3466,0,0
2018,5,4,12,0,0,1,1,-17.94,23.57,-37.02,20.5,-38.91,16.05,MTWA,3471,0,0
2018,5,4,12,0,0,1,1,-17.95,23.45,-37.02,20.37,-38.89,15.91,MTWA,3475,0,0
2018,5,4,12,0,0,1,1,-17.96,23.34,-37.02,20.23,-38.88,15.77,MTWA,3479,0,0
2018,5,4,12,0,0,1,1,-17.97,23.23,-37.02,20.09,-38.87,15.63,MTWA,3483,0,0
2018,5,4,12,0,0,1,1,-18,23.02,-37.04,19.85,-38.86,15.38,MTWA,3488,0,0
2018,5,4,12,0,0,1,1,-18.01,22.91,-37.04,19.71,-38.85,15.24,MTWA,3492,0,0
2018,5,4,12,0,0,1,1,-18.02,22.8,-37.04,19.58,-38.84,15.11,MTWA,3496,0,0
2018,5,4,12,0,0,1,1,-18.03,22.69,-37.04,19.45,-38.82,14.97,MTWA,3501,0,0
2018,5,4,12,0,0,1,1,-18.05,22.58,-37.05,19.32,-38.81,14.84,MTWA,3505,0,0
2018,5,4,12,0,0,1,1,-18.06,22.47,-37.05,19.19,-38.8,14.71,MTWA,3509,0,0
2018,5,4,12,0,0,1,1,-18.07,22.37,-37.05,19.06,-38.79,14.58,MTWA,3513,0,0
2018,5,4,12,0,0,1,1,-18.08,22.26,-37.05,18.93,-38.78,14.45,MTWA,3518,0,0
2018,5,4,12,0,0,1,1,-18.09,22.15,-37.05,18.8,-38.77,14.32,MTWA,3522,0,0
2018,5,4,12,0,0,1,1,-18.1,22.05,-37.06,18.68,-38.76,14.19,MTWA,3526,0,0
2018,5,4,12,0,0,1,1,-18.12,21.95,-37.06,18.55,-38.75,14.06,MTWA,3531,0,0
2018,5,4,12,0,0,1,1,-18.13,21.84,-37.06,18.43,-38.74,13.94,MTWA,3535,0,0
2018,5,4,12,0,0,1,1,-18.14,21.74,-37.07,18.31,-38.73,13.81,MTWA,3539,0,0
2018,5,4,12,0,0,1,1,-18.15,21.64,-37.07,18.19,-38.72,13.69,MTWA,3543,0,0
2018,5,4,12,0,0,1,1,-18.17,21.54,-37.07,18.07,-38.71,13.56,MTWA,3548,0,0
2018,5,4,12,0,0,1,1,-18.21,21.35,-37.09,17.84,-38.71,13.33,MTWA,3552,0,0
2018,5,4,12,0,0,1,1,-18.22,21.25,-37.1,17.72,-38.7,13.21,MTWA,3556,0,0
2018,5,4,12,0,0,1,1,-18.23,21.15,-37.1,17.6,-38.69,13.09,MTWA,3561,0,0
2018,5,4,12,0,0,1,1,-18.25,21.06,-37.11,17.48,-38.69,12.97,MTWA,3565,0,0
2018,5,4,12,0,0,1,1,-18.26,20.96,-37.11,17.37,-38.68,12.85,MTWA,3569,0,0
2018,5,4,12,0,0,1,1,-18.28,20.86,-37.12,17.25,-38.67,12.73,MTWA,3573,0,0
2018,5,4,12,0,0,1,1,-18.29,20.77,-37.12,17.14,-38.67,12.62,MTWA,3578,0,0
2018,5,4,12,0,0,1,1,-18.31,20.68,-37.13,17.03,-38.66,12.5,MTWA,3582,0,0
2018,5,4,12,0,0,1,1,-18.32,20.58,-37.13,16.92,-38.65,12.39,MTWA,3586,0,0
2018,5,4,12,0,0,1,1,-18.34,20.49,-37.14,16.81,-38.65,12.28,MTWA,3591,0,0
2018,5,4,12,0,0,1,1,-18.35,20.4,-37.15,16.7,-38.64,12.17,MTWA,3595,0,0
2018,5,4,12,0,0,1,1,-18.37,20.31,-37.15,16.59,-38.64,12.05,MTWA,3599,0,0
2018,5,4,12,0,0,1,1,-18.38,20.22,-37.16,16.48,-38.63,11.94,MTWA,3603,0,0
2018,5,4,12,0,0,1,1,-18.4,20.13,-37.16,16.37,-38.63,11.83,MTWA,3608,0,0
2018,5,4,12,0,0,1,1,-18.41,20.05,-37.17,16.27,-38.63,11.73,MTWA,3612,0,0
2018,5,4,12,0,0,1,1,-18.43,19.96,-37.18,16.16,-38.62,11.62,MTWA,3616,0,0
2018,5,4,12,0,0,1,1,-18.45,19.87,-37.19,16.06,-38.62,11.51,MTWA,3621,0,0
2018,5,4,12,0,0,1,1,-18.46,19.79,-37.19,15.95,-38.62,11.41,MTWA,3625,0,0
2018,5,4,12,0,0,1,1,-18.48,19.7,-37.2,15.85,-38.61,11.3,MTWA,3629,0,0
2018,5,4,12,0,0,1,1,-18.5,19.62,-37.21,15.75,-38.61,11.2,MTWA,3633,0,0
2018,5,4,12,0,0,1,1,-18.52,19.54,-37.22,15.65,-38.61,11.09,MTWA,3638,0,0
2018,5,4,12,0,0,1,1,-18.53,19.45,-37.23,15.55,-38.61,10.99,MTWA,3642,0,0
2018,5,4,12,0,0,1,1,-18.55,19.37,-37.23,15.45,-38.61,10.89,MTWA,3646,0,0
2018,5,4,12,0,0,1,1,-18.57,19.29,-37.24,15.35,-38.6,10.79,MTWA,3651,0,0
2018,5,4,12,0,0,1,1,-18.59,19.21,-37.25,15.26,-38.6,10.69,MTWA,3655,0,0
2018,5,4,12,0,0,1,1,-18.6,19.13,-37.26,15.16,-38.6,10.59,MTWA,3659,0,0
2018,5,4,12,0,0,1,1,-18.62,19.05,-37.27,15.06,-38.6,10.49,MTWA,3663,0,0
2018,5,4,12,0,0,1,1,-18.64,18.98,-37.28,14.97,-38.6,10.4,MTWA,3668,0,0
2018,5,4,12,0,0,1,1,-18.66,18.9,-37.29,14.88,-38.6,10.3,MTWA,3672,0,0
2018,5,4,12,0,0,1,1,-18.68,18.82,-37.3,14.78,-38.6,10.21,MTWA,3676,0,0
2018,5,4,12,0,0,1,1,-18.7,18.75,-37.31,14.69,-38.6,10.11,MTWA,3681,0,0
2018,5,4,12,0,0,1,1,-18.72,18.67,-37.32,14.6,-38.6,10.02,MTWA,3685,0,0
2018,5,4,12,0,0,1,1,-18.73,18.6,-37.33,14.51,-38.6,9.924,MTWA,3689,0,0
2018,5,4,12,0,0,1,1,-18.75,18.53,-37.34,14.42,-38.61,9.832,MTWA,3693,0,0
2018,5,4,12,0,0,1,1,-18.77,18.45,-37.35,14.33,-38.61,9.741,MTWA,3698,0,0
2018,5,4,12,0,0,1,1,-18.79,18.38,-37.36,14.24,-38.61,9.65,MTWA,3702,0,0
2018,5,4,12,0,0,1,1,-18.81,18.31,-37.38,14.15,-38.61,9.56,MTWA,3706,0,0
2018,5,4,12,0,0,1,1,-18.83,18.24,-37.39,14.07,-38.61,9.471,MTWA,3711,0,0
2018,5,4,12,0,0,1,1,-18.85,18.17,-37.4,13.98,-38.62,9.382,MTWA,3715,0,0
2018,5,4,12,0,0,1,1,-18.85,18.19,-37.4,14,-38.62,9.404,MTWA,3719,0,0
2018,5,4,12,0,0,1,1,-18.87,18.12,-37.41,13.92,-38.62,9.317,MTWA,3723,0,0
2018,5,4,12,0,0,1,1,-18.89,18.05,-37.42,13.83,-38.62,9.231,MTWA,3728,0,0
2018,5,4,12,0,0,1,1,-18.91,17.98,-37.43,13.75,-38.63,9.145,MTWA,3732,0,0
2018,5,4,12,0,0,1,1,-18.93,17.91,-37.44,13.67,-38.63,9.06,MTWA,3736,0,0
2018,5,4,12,0,0,1,1,-18.95,17.85,-37.46,13.59,-38.63,8.976,MTWA,3741,0,0
2018,5,4,12,0,0,1,1,-18.97,17.78,-37.47,13.51,-38.64,8.892,MTWA,3745,0,0
2018,5,4,12,0,0,1,1,-18.99,17.72,-37.48,13.43,-38.64,8.81,MTWA,3749,0,0
2018,5,4,12,0,0,1,1,-19.01,17.65,-37.5,13.35,-38.65,8.728,MTWA,3753,0,0
2018,5,4,12,0,0,1,1,-19.03,17.59,-37.51,13.27,-38.65,8.646,MTWA,3758,0,0
2018,5,4,12,0,0,1,1,-19.05,17.53,-37.52,13.19,-38.66,8.565,MTWA,3762,0,0
2018,5,4,12,0,0,1,1,-19.07,17.46,-37.53,13.11,-38.66,8.485,MTWA,3766,0,0
2018,5,4,12,0,0,1,1,-19.09,17.4,-37.55,13.04,-38.67,8.406,MTWA,3771,0,0
2018,5,4,12,0,0,1,1,-19.12,17.34,-37.56,12.96,-38.67,8.327,MTWA,3775,0,0
2018,5,4,12,0,0,1,1,-19.14,17.28,-37.58,12.89,-38.68,8.249,MTWA,3779,0,0
2018,5,4,12,0,0,1,1,-19.16,17.22,-37.59,12.81,-38.68,8.172,MTWA,3783,0,0
2018,5,4,12,0,0,1,1,-19.18,17.16,-37.6,12.74,-38.69,8.095,MTWA,3788,0,0
2018,5,4,12,0,0,1,1,-19.2,17.1,-37.62,12.66,-38.7,8.019,MTWA,3792,0,0
2018,5,4,12,0,0,1,1,-19.22,17.04,-37.63,12.59,-38.7,7.943,MTWA,3796,0,0
2018,5,4,12,0,0,1,1,-19.24,16.98,-37.64,12.52,-38.71,7.868,MTWA,3801,0,0
2018,5,4,12,0,0,1,1,-19.26,16.93,-37.66,12.45,-38.71,7.794,MTWA,3805,0,0
2018,5,4,12,0,0,1,1,-19.29,16.87,-37.67,12.38,-38.72,7.72,MTWA,3809,0,0
2018,5,4,12,0,0,1,1,-19.31,16.81,-37.69,12.31,-38.73,7.647,MTWA,3813,0,0
2018,5,4,12,0,0,1,1,-19.33,16.76,-37.7,12.24,-38.74,7.574,MTWA,3818,0,0
2018,5,4,12,0,0,1,1,-19.35,16.7,-37.71,12.17,-38.74,7.502,MTWA,3822,0,0
2018,5,4,12,0,0,1,1,-19.37,16.65,-37.73,12.1,-38.75,7.431,MTWA,3826,0,0
2018,5,4,12,0,0,1,1,-19.39,16.59,-37.74,12.03,-38.76,7.36,MTWA,3830,0,0
2018,5,4,12,0,0,1,1,-19.39,16.62,-37.75,12.06,-38.76,7.395,MTWA,3835,0,0
2018,5,4,12,0,0,1,1,-19.41,16.57,-37.76,12,-38.77,7.325,MTWA,3839,0,0
2018,5,4,12,0,0,1,1,-19.43,16.51,-37.77,11.93,-38.78,7.255,MTWA,3843,0,0
2018,5,4,12,0,0,1,1,-19.46,16.46,-37.79,11.86,-38.78,7.187,MTWA,3848,0,0
2018,5,4,12,0,0,1,1,-19.48,16.41,-37.8,11.8,-38.79,7.118,MTWA,3852,0,0
2018,5,4,12,0,0,1,1,-19.5,16.36,-37.82,11.73,-38.8,7.051,MTWA,3856,0,0
2018,5,4,12,0,0,1,1,-19.52,16.31,-37.83,11.67,-38.81,6.983,MTWA,3860,0,0
2018,5,4,12,0,0,1,1,-19.54,16.26,-37.85,11.61,-38.82,6.917,MTWA,3865,0,0
2018,5,4,12,0,0,1,1,-19.56,16.2,-37.86,11.54,-38.82,6.851,MTWA,3869,0,0
2018,5,4,12,0,0,1,1,-19.58,16.15,-37.88,11.48,-38.83,6.785,MTWA,3873,0,0
2018,5,4,12,0,0,1,1,-19.61,16.1,-37.89,11.42,-38.84,6.72,MTWA,3878,0,0
2018,5,4,12,0,0,1,1,-19.63,16.06,-37.91,11.36,-38.85,6.655,MTWA,3882,0,0
2018,5,4,12,0,0,1,1,-19.65,16.01,-37.92,11.29,-38.86,6.591,MTWA,3886,0,0
2018,5,4,12,0,0,1,1,-19.67,15.96,-37.93,11.23,-38.86,6.527,MTWA,3890,0,0
2018,5,4,12,0,0,1,1,-19.69,15.91,-37.95,11.17,-38.87,6.464,MTWA,3895,0,0
2018,5,4,12,0,0,1,1,-19.71,15.86,-37.96,11.11,-38.88,6.401,MTWA,3899,0,0
2018,5,4,12,0,0,1,1,-19.73,15.82,-37.98,11.05,-38.89,6.339,MTWA,3903,0,0
2018,5,4,12,0,0,1,1,-19.75,15.77,-37.99,10.99,-38.9,6.277,MTWA,3908,0,0
2018,5,4,12,0,0,1,1,-19.77,15.72,-38.01,10.93,-38.9,6.216,MTWA,3912,0,0
2018,5,4,12,0,0,1,1,-19.8,15.68,-38.02,10.88,-38.91,6.154,MTWA,3916,0,0
2018,5,4,12,0,0,1,1,-19.82,15.63,-38.04,10.82,-38.92,6.094,MTWA,3920,0,0
2018,5,4,12,0,0,1,1,-19.84,15.58,-38.05,10.76,-38.93,6.034,MTWA,3925,0,0
2018,5,4,12,0,0,1,1,-19.86,15.54,-38.07,10.7,-38.94,5.974,MTWA,3929,0,0
2018,5,4,12,0,0,1,1,-19.88,15.49,-38.08,10.65,-38.95,5.915,MTWA,3933,0,0
2018,5,4,12,0,0,1,1,-19.9,15.45,-38.09,10.59,-38.95,5.856,MTWA,3938,0,0
2018,5,4,12,0,0,1,1,-19.92,15.41,-38.11,10.53,-38.96,5.797,MTWA,3942,0,0
2018,5,4,12,0,0,1,1,-19.94,15.36,-38.12,10.48,-38.97,5.739,MTWA,3946,0,0
2018,5,4,12,0,0,1,1,-19.96,15.32,-38.14,10.42,-38.98,5.681,MTWA,3950,0,0
2018,5,4,12,0,0,1,1,-19.98,15.27,-38.15,10.37,-38.99,5.624,MTWA,3955,0,0
2018,5,4,12,0,0,1,1,-20,15.23,-38.16,10.31,-38.99,5.567,MTWA,3959,0,0
2018,5,4,12,0,0,1,1,-20.02,15.19,-38.18,10.26,-39,5.51,MTWA,3963,0,0
2018,5,4,12,0,0,1,1,-20.02,15.22,-38.18,10.3,-39.01,5.553,MTWA,3968,0,0
2018,5,4,12,0,0,1,1,-20.04,15.18,-38.19,10.25,-39.02,5.497,MTWA,3972,0,0
2018,5,4,12,0,0,1,1,-20.06,15.14,-38.21,10.2,-39.02,5.441,MTWA,3976,0,0
2018,5,4,12,0,0,1,1,-20.07,15.1,-38.22,10.14,-39.03,5.386,MTWA,3980,0,0
2018,5,4,12,0,0,1,1,-20.09,15.06,-38.23,10.09,-39.04,5.331,MTWA,3985,0,0
2018,5,4,12,0,0,1,1,-20.11,15.02,-38.25,10.04,-39.05,5.276,MTWA,3989,0,0
2018,5,4,12,0,0,1,1,-20.13,14.97,-38.26,9.985,-39.06,5.221,MTWA,3993,0,0
2018,5,4,12,0,0,1,1,-20.15,14.93,-38.27,9.934,-39.06,5.167,MTWA,3998,0,0
2018,5,4,12,0,0,1,1,-20.17,14.89,-38.29,9.882,-39.07,5.113,MTWA,4002,0,0
2018,5,4,12,0,0,1,1,-20.19,14.85,-38.3,9.831,-39.08,5.06,MTWA,4006,0,0
2018,5,4,12,0,0,1,1,-20.21,14.81,-38.31,9.78,-39.08,5.007,MTWA,4010,0,0
2018,5,4,12,0,0,1,1,-20.22,14.77,-38.32,9.729,-39.09,4.954,MTWA,4015,0,0
2018,5,4,12,0,0,1,1,-20.24,14.73,-38.34,9.679,-39.1,4.901,MTWA,4019,0,0
2018,5,4,12,0,0,1,1,-20.26,14.69,-38.35,9.629,-39.11,4.849,MTWA,4023,0,0
2018,5,4,12,0,0,1,1,-20.28,14.65,-38.36,9.579,-39.11,4.797,MTWA,4028,0,0
2018,5,4,12,0,0,1,1,-20.3,14.62,-38.37,9.529,-39.12,4.745,MTWA,4032,0,0
2018,5,4,12,0,0,1,1,-20.31,14.58,-38.38,9.479,-39.13,4.693,MTWA,4036,0,0
2018,5,4,12,0,0,1,1,-20.33,14.54,-38.4,9.43,-39.13,4.642,MTWA,4040,0,0
2018,5,4,12,0,0,1,1,-20.35,14.5,-38.41,9.381,-39.14,4.591,MTWA,4045,0,0
2018,5,4,12,0,0,1,1,-20.36,14.46,-38.42,9.332,-39.14,4.54,MTWA,4049,0,0
2018,5,4,12,0,0,1,1,-20.38,14.42,-38.43,9.284,-39.15,4.49,MTWA,4053,0,0
2018,5,4,12,0,0,1,1,-20.4,14.38,-38.44,9.235,-39.16,4.44,MTWA,4058,0,0
2018,5,4,12,0,0,1,1,-20.41,14.35,-38.45,9.187,-39.16,4.39,MTWA,4062,0,0
2018,5,4,12,0,0,1,1,-20.43,14.31,-38.46,9.139,-39.17,4.34,MTWA,4066,0,0
2018,5,4,12,0,0,1,1,-20.45,14.27,-38.47,9.092,-39.17,4.29,MTWA,4070,0,0
2018,5,4,12,0,0,1,1,-20.46,14.23,-38.48,9.044,-39.18,4.241,MTWA,4075,0,0
2018,5,4,12,0,0,1,1,-20.48,14.2,-38.49,8.997,-39.18,4.192,MTWA,4079,0,0
2018,5,4,12,0,0,1,1,-20.49,14.16,-38.5,8.95,-39.19,4.143,MTWA,4083,0,0
2018,5,4,12,0,0,1,1,-20.51,14.12,-38.51,8.903,-39.19,4.094,MTWA,4088,0,0
2018,5,4,12,0,0,1,1,-20.52,14.08,-38.52,8.856,-39.2,4.046,MTWA,4092,0,0
2018,5,4,12,0,0,1,1,-20.54,14.05,-38.53,8.809,-39.2,3.997,MTWA,4096,0,0
2018,5,4,12,0,0,1,1,-20.55,14.01,-38.54,8.763,-39.21,3.949,MTWA,4100,0,0
2018,5,4,12,0,0,1,1,-20.59,13.9,-38.56,8.622,-39.21,3.806,MTWA,4105,0,0
2018,5,4,12,0,0,1,1,-20.6,13.86,-38.57,8.576,-39.21,3.758,MTWA,4109,0,0
2018,5,4,12,0,0,1,1,-20.62,13.82,-38.58,8.53,-39.22,3.711,MTWA,4113,0,0
2018,5,4,12,0,0,1,1,-20.63,13.79,-38.58,8.484,-39.22,3.663,MTWA,4118,0,0
2018,5,4,12,0,0,1,1,-20.64,13.75,-38.59,8.439,-39.22,3.616,MTWA,4122,0,0
2018,5,4,12,0,0,1,1,-20.66,13.71,-38.6,8.393,-39.23,3.569,MTWA,4126,0,0
2018,5,4,12,0,0,1,1,-20.67,13.68,-38.61,8.348,-39.23,3.523,MTWA,4130,0,0
2018,5,4,12,0,0,1,1,-20.68,13.64,-38.62,8.302,-39.23,3.476,MTWA,4135,0,0
2018,5,4,12,0,0,1,1,-20.7,13.61,-38.62,8.257,-39.23,3.43,MTWA,4139,0,0
2018,5,4,12,0,0,1,1,-20.71,13.57,-38.63,8.212,-39.24,3.383,MTWA,4143,0,0
2018,5,4,12,0,0,1,1,-20.72,13.53,-38.64,8.167,-39.24,3.337,MTWA,4148,0,0
2018,5,4,12,0,0,1,1,-20.73,13.5,-38.64,8.122,-39.24,3.291,MTWA,4152,0,0
2018,5,4,12,0,0,1,1,-20.75,13.46,-38.65,8.077,-39.24,3.246,MTWA,4156,0,0
2018,5,4,12,0,0,1,1,-20.76,13.43,-38.66,8.033,-39.24,3.2,MTWA,4160,0,0
2018,5,4,12,0,0,1,1,-20.77,13.39,-38.66,7.988,-39.25,3.155,MTWA,4165,0,0
2018,5,4,12,0,0,1,1,-20.78,13.36,-38.67,7.944,-39.25,3.109,MTWA,4169,0,0
2018,5,4,12,0,0,1,1,-20.79,13.32,-38.67,7.899,-39.25,3.064,MTWA,4173,0,0
2018,5,4,12,0,0,1,1,-20.8,13.28,-38.68,7.855,-39.25,3.019,MTWA,4178,0,0
2018,5,4,12,0,0,1,1,-20.81,13.25,-38.68,7.811,-39.25,2.974,MTWA,4182,0,0
2018,5,4,12,0,0,1,1,-20.82,13.21,-38.69,7.767,-39.25,2.929,MTWA,4186,0,0
2018,5,4,12,0,0,1,1,-20.83,13.18,-38.69,7.723,-39.25,2.884,MTWA,4190,0,0
2018,5,4,12,0,0,1,1,-20.84,13.14,-38.69,7.679,-39.25,2.84,MTWA,4195,0,0
2018,5,4,12,0,0,1,1,-20.85,13.11,-38.7,7.635,-39.25,2.795,MTWA,4199,0,0
2018,5,4,12,0,0,1,1,-20.86,13.07,-38.7,7.591,-39.24,2.751,MTWA,4203,0,0
2018,5,4,12,0,0,1,1,-20.89,12.96,-38.71,7.454,-39.24,2.612,MTWA,4208,0,0
2018,5,4,12,0,0,1,1,-20.9,12.92,-38.72,7.411,-39.24,2.568,MTWA,4212,0,0
2018,5,4,12,0,0,1,1,-20.91,12.89,-38.72,7.367,-39.24,2.524,MTWA,4216,0,0
2018,5,4,12,0,0,1,1,-20.91,12.85,-38.72,7.324,-39.24,2.48,MTWA,4220,0,0
2018,5,4,12,0,0,1,1,-20.92,12.82,-38.73,7.28,-39.23,2.437,MTWA,4225,0,0
2018,5,4,12,0,0,1,1,-20.93,12.78,-38.73,7.237,-39.23,2.393,MTWA,4229,0,0
2018,5,4,12,0,0,1,1,-20.94,12.75,-38.73,7.194,-39.23,2.35,MTWA,4233,0,0
2018,5,4,12,0,0,1,1,-20.94,12.71,-38.73,7.15,-39.23,2.306,MTWA,4238,0,0
2018,5,4,12,0,0,1,1,-20.95,12.68,-38.73,7.107,-39.22,2.263,MTWA,4242,0,0
2018,5,4,12,0,0,1,1,-20.96,12.64,-38.73,7.064,-39.22,2.22,MTWA,4246,0,0
2018,5,4,12,0,0,1,1,-20.96,12.61,-38.73,7.021,-39.22,2.177,MTWA,4250,0,0
2018,5,4,12,0,0,1,1,-20.97,12.57,-38.73,6.978,-39.21,2.134,MTWA,4255,0,0
2018,5,4,12,0,0,1,1,-20.97,12.54,-38.73,6.935,-39.21,2.091,MTWA,4259,0,0
2018,5,4,12,0,0,1,1,-20.98,12.5,-38.73,6.892,-39.2,2.048,MTWA,4263,0,0
2018,5,4,12,0,0,1,1,-21,12.39,-38.74,6.756,-39.2,1.911,MTWA,4268,0,0
2018,5,4,12,0,0,1,1,-21.01,12.35,-38.74,6.713,-39.19,1.868,MTWA,4272,0,0
2018,5,4,12,0,0,1,1,-21.01,12.32,-38.74,6.67,-39.18,1.825,MTWA,4276,0,0
2018,5,4,12,0,0,1,1,-21.02,12.28,-38.74,6.627,-39.18,1.783,MTWA,4280,0,0
2018,5,4,12,0,0,1,1,-21.02,12.25,-38.74,6.584,-39.17,1.741,MTWA,4285,0,0
2018,5,4,12,0,0,1,1,-21.02,12.21,-38.73,6.542,-39.17,1.698,MTWA,4289,0,0
2018,5,4,12,0,0,1,1,-21.03,12.18,-38.73,6.499,-39.16,1.656,MTWA,4293,0,0
2018,5,4,12,0,0,1,1,-21.03,12.14,-38.73,6.456,-39.15,1.614,MTWA,4297,0,0
2018,5,4,12,0,0,1,1,-21.03,12.1,-38.73,6.414,-39.15,1.572,MTWA,4302,0,0
2018,5,4,12,0,0,1,1,-21.04,12.07,-38.72,6.371,-39.14,1.53,MTWA,4306,0,0
2018,5,4,12,0,0,1,1,-21.04,12.03,-38.72,6.328,-39.13,1.488,MTWA,4310,0,0
2018,5,4,12,0,0,1,1,-21.06,11.92,-38.72,6.192,-39.12,1.352,MTWA,4315,0,0
2018,5,4,12,0,0,1,1,-21.06,11.89,-38.72,6.149,-39.11,1.31,MTWA,4319,0,0
2018,5,4,12,0,0,1,1,-21.06,11.85,-38.72,6.107,-39.1,1.269,MTWA,4323,0,0
2018,5,4,12,0,0,1,1,-21.06,11.81,-38.71,6.064,-39.09,1.227,MTWA,4327,0,0
2018,5,4,12,0,0,1,1,-21.07,11.78,-38.71,6.022,-39.08,1.186,MTWA,4332,0,0
2018,5,4,12,0,0,1,1,-21.07,11.74,-38.7,5.979,-39.07,1.144,MTWA,4336,0,0
2018,5,4,12,0,0,1,1,-21.07,11.71,-38.69,5.937,-39.06,1.103,MTWA,4340,0,0
2018,5,4,12,0,0,1,1,-21.07,11.67,-38.69,5.895,-39.05,1.062,MTWA,4345,0,0
2018,5,4,12,0,0,1,1,-21.07,11.63,-38.68,5.852,-39.04,1.021,MTWA,4349,0,0
2018,5,4,12,0,0,1,1,-21.06,11.6,-38.68,5.81,-39.03,0.9795,MTWA,4353,0,0
2018,5,4,12,0,0,1,1,-21.08,11.49,-38.68,5.673,-39.02,0.8431,MTWA,4357,0,0
2018,5,4,12,0,0,1,1,-21.08,11.45,-38.67,5.631,-39.01,0.8022,MTWA,4362,0,0
2018,5,4,12,0,0,1,1,-21.08,11.41,-38.66,5.588,-39,0.7613,MTWA,4366,0,0
2018,5,4,12,0,0,1,1,-21.08,11.38,-38.65,5.546,-38.98,0.7206,MTWA,4370,0,0
2018,5,4,12,0,0,1,1,-21.08,11.34,-38.65,5.504,-38.97,0.68,MTWA,4375,0,0
2018,5,4,12,0,0,1,1,-21.07,11.3,-38.64,5.462,-38.96,0.6393,MTWA,4379,0,0
2018,5,4,12,0,0,1,1,-21.07,11.27,-38.63,5.419,-38.95,0.5988,MTWA,4383,0,0
2018,5,4,12,0,0,1,1,-21.07,11.23,-38.62,5.377,-38.93,0.5583,MTWA,4387,0,0
2018,5,4,12,0,0,1,1,-21.09,11.12,-38.62,5.24,-38.92,0.4219,MTWA,4392,0,0
2018,5,4,12,0,0,1,1,-21.08,11.08,-38.61,5.197,-38.9,0.3815,MTWA,4396,0,0
2018,5,4,12,0,0,1,1,-21.08,11.04,-38.6,5.155,-38.89,0.3413,MTWA,4400,0,0
2018,5,4,12,0,0,1,1,-21.07,11.01,-38.59,5.113,-38.87,0.3011,MTWA,4405,0,0
2018,5,4,12,0,0,1,1,-21.07,10.97,-38.58,5.071,-38.86,0.261,MTWA,4409,0,0
2018,5,4,12,0,0,1,1,-21.06,10.93,-38.57,5.029,-38.84,0.221,MTWA,4413,0,0
2018,5,4,12,0,0,1,1,-21.06,10.9,-38.56,4.987,-38.83,0.181,MTWA,4417,0,0
2018,5,4,12,0,0,1,1,-21.05,10.86,-38.54,4.945,-38.81,0.1412,MTWA,4422,0,0
2018,5,4,12,0,0,1,1,-21.07,10.75,-38.54,4.806,-38.79,0.004494,MTWA,4426,0,0
2018,5,4,12,0,0,1,1,-21.06,10.71,-38.53,4.764,-38.78,360,MTWA,4430,0,0
2018,5,4,12,0,0,1,1,-21.05,10.67,-38.52,4.722,-38.76,359.9,MTWA,4435,0,0
2018,5,4,12,0,0,1,1,-21.05,10.63,-38.5,4.68,-38.74,359.9,MTWA,4439,0,0
2018,5,4,12,0,0,1,1,-21.04,10.6,-38.49,4.638,-38.73,359.8,MTWA,4443,0,0
2018,5,4,12,0,0,1,1,-21.03,10.56,-38.48,4.596,-38.71,359.8,MTWA,4447,0,0
2018,5,4,12,0,0,1,1,-21.03,10.52,-38.46,4.554,-38.69,359.8,MTWA,4452,0,0
2018,5,4,12,0,0,1,1,-21.04,10.41,-38.46,4.415,-38.67,359.6,MTWA,4456,0,0
2018,5,4,12,0,0,1,1,-21.03,10.37,-38.44,4.373,-38.65,359.6,MTWA,4460,0,0
2018,5,4,12,0,0,1,1,-21.02,10.33,-38.43,4.331,-38.63,359.6,MTWA,4465,0,0
2018,5,4,12,0,0,1,1,-21.01,10.29,-38.41,4.289,-38.61,359.5,MTWA,4469,0,0
2018,5,4,12,0,0,1,1,-21,10.26,-38.4,4.248,-38.59,359.5,MTWA,4473,0,0
2018,5,4,12,0,0,1,1,-20.99,10.22,-38.38,4.206,-38.57,359.4,MTWA,4477,0,0
2018,5,4,12,0,0,1,1,-20.98,10.18,-38.36,4.164,-38.55,359.4,MTWA,4482,0,0
2018,5,4,12,0,0,1,1,-20.99,10.06,-38.35,4.024,-38.53,359.3,MTWA,4486,0,0
2018,5,4,12,0,0,1,1,-20.98,10.03,-38.34,3.982,-38.51,359.2,MTWA,4490,0,0
2018,5,4,12,0,0,1,1,-20.97,9.988,-38.32,3.94,-38.49,359.2,MTWA,4495,0,0
2018,5,4,12,0,0,1,1,-20.96,9.95,-38.3,3.899,-38.46,359.1,MTWA,4499,0,0
2018,5,4,12,0,0,1,1,-20.95,9.913,-38.29,3.857,-38.44,359.1,MTWA,4503,0,0
2018,5,4,12,0,0,1,1,-20.94,9.875,-38.27,3.815,-38.42,359.1,MTWA,4507,0,0
2018,5,4,12,0,0,1,1,-20.95,9.756,-38.26,3.674,-38.39,358.9,MTWA,4512,0,0
2018,5,4,12,0,0,1,1,-20.94,9.718,-38.24,3.633,-38.37,358.9,MTWA,4516,0,0
2018,5,4,12,0,0,1,1,-20.92,9.68,-38.22,3.591,-38.35,358.9,MTWA,4520,0,0
2018,5,4,12,0,0,1,1,-20.91,9.642,-38.2,3.55,-38.33,358.8,MTWA,4525,0,0
2018,5,4,12,0,0,1,1,-20.9,9.603,-38.18,3.508,-38.3,358.8,MTWA,4529,0,0
2018,5,4,12,0,0,1,1,-20.89,9.565,-38.16,3.466,-38.28,358.7,MTWA,4533,0,0
2018,5,4,12,0,0,1,1,-20.89,9.445,-38.15,3.325,-38.25,358.6,MTWA,4537,0,0
2018,5,4,12,0,0,1,1,-20.88,9.407,-38.13,3.283,-38.23,358.6,MTWA,4542,0,0
2018,5,4,12,0,0,1,1,-20.86,9.368,-38.11,3.242,-38.2,358.5,MTWA,4546,0,0
2018,5,4,12,0,0,1,1,-20.85,9.33,-38.09,3.2,-38.18,358.5,MTWA,4550,0,0
2018,5,4,12,0,0,1,1,-20.83,9.292,-38.07,3.159,-38.15,358.4,MTWA,4555,0,0
2018,5,4,12,0,0,1,1,-20.82,9.253,-38.04,3.118,-38.12,358.4,MTWA,4559,0,0
2018,5,4,12,0,0,1,1,-20.82,9.132,-38.03,2.975,-38.09,358.3,MTWA,4563,0,0
2018,5,4,12,0,0,1,1,-20.81,9.093,-38.01,2.933,-38.07,358.2,MTWA,4567,0,0
2018,5,4,12,0,0,1,1,-20.79,9.054,-37.98,2.892,-38.04,358.2,MTWA,4572,0,0
2018,5,4,12,0,0,1,1,-20.78,9.016,-37.96,2.851,-38.01,358.2,MTWA,4576,0,0
2018,5,4,12,0,0,1,1,-20.76,8.977,-37.94,2.81,-37.99,358.1,MTWA,4580,0,0
2018,5,4,12,0,0,1,1,-20.74,8.938,-37.91,2.769,-37.96,358.1,MTWA,4585,0,0
2018,5,4,12,0,0,1,1,-20.75,8.816,-37.9,2.625,-37.93,357.9,MTWA,4589,0,0
2018,5,4,12,0,0,1,1,-20.73,8.777,-37.87,2.584,-37.9,357.9,MTWA,4593,0,0
2018,5,4,12,0,0,1,1,-20.71,8.738,-37.85,2.543,-37.87,357.9,MTWA,4597,0,0
2018,5,4,12,0,0,1,1,-20.7,8.699,-37.82,2.502,-37.84,357.8,MTWA,4602,0,0
2018,5,4,12,0,0,1,1,-20.68,8.66,-37.8,2.461,-37.81,357.8,MTWA,4606,0,0
2018,5,4,12,0,0,1,1,-20.66,8.621,-37.77,2.42,-37.79,357.8,MTWA,4610,0,0
2018,5,4,12,0,0,1,1,-20.66,8.497,-37.75,2.275,-37.75,357.6,MTWA,4615,0,0
2018,5,4,12,0,0,1,1,-20.64,8.458,-37.73,2.234,-37.72,357.6,MTWA,4619,0,0
2018,5,4,12,0,0,1,1,-20.62,8.419,-37.7,2.194,-37.69,357.6,MTWA,4623,0,0
2018,5,4,12,0,0,1,1,-20.6,8.38,-37.68,2.153,-37.66,357.5,MTWA,4627,0,0
2018,5,4,12,0,0,1,1,-20.58,8.341,-37.65,2.112,-37.63,357.5,MTWA,4632,0,0
2018,5,4,12,0,0,1,1,-20.56,8.301,-37.62,2.072,-37.6,357.4,MTWA,4636,0,0
2018,5,4,12,0,0,1,1,-20.56,8.176,-37.6,1.926,-37.56,357.3,MTWA,4640,0,0
2018,5,4,12,0,0,1,1,-20.54,8.136,-37.57,1.885,-37.53,357.3,MTWA,4645,0,0
2018,5,4,12,0,0,1,1,-20.52,8.097,-37.55,1.845,-37.5,357.2,MTWA,4649,0,0
2018,5,4,12,0,0,1,1,-20.5,8.058,-37.52,1.804,-37.47,357.2,MTWA,4653,0,0
2018,5,4,12,0,0,1,1,-20.48,8.019,-37.49,1.764,-37.44,357.2,MTWA,4657,0,0
2018,5,4,12,0,0,1,1,-20.48,7.891,-37.47,1.617,-37.4,357,MTWA,4662,0,0
2018,5,4,12,0,0,1,1,-20.46,7.852,-37.44,1.576,-37.37,357,MTWA,4666,0,0
2018,5,4,12,0,0,1,1,-20.44,7.813,-37.41,1.536,-37.33,357,MTWA,4670,0,0
2018,5,4,12,0,0,1,1,-20.41,7.773,-37.38,1.496,-37.3,356.9,MTWA,4674,0,0
2018,5,4,12,0,0,1,1,-20.39,7.734,-37.35,1.456,-37.27,356.9,MTWA,4679,0,0
2018,5,4,12,0,0,1,1,-20.37,7.695,-37.32,1.416,-37.23,356.8,MTWA,4683,0,0
2018,5,4,12,0,0,1,1,-20.37,7.566,-37.3,1.268,-37.19,356.7,MTWA,4687,0,0
2018,5,4,12,0,0,1,1,-20.34,7.526,-37.27,1.228,-37.16,356.7,MTWA,4692,0,0
2018,5,4,12,0,0,1,1,-20.32,7.487,-37.24,1.188,-37.12,356.6,MTWA,4696,0,0
2018,5,4,12,0,0,1,1,-20.29,7.447,-37.21,1.148,-37.09,356.6,MTWA,4700,0,0
2018,5,4,12,0,0,1,1,-20.27,7.408,-37.18,1.109,-37.05,356.6,MTWA,4704,0,0
2018,5,4,12,0,0,1,1,-20.27,7.277,-37.15,0.9588,-37.01,356.4,MTWA,4709,0,0
2018,5,4,12,0,0,1,1,-20.24,7.238,-37.12,0.9192,-36.98,356.4,MTWA,4713,0,0
2018,5,4,12,0,0,1,1,-20.22,7.198,-37.08,0.8796,-36.94,356.4,MTWA,4717,0,0
2018,5,4,12,0,0,1,1,-20.19,7.159,-37.05,0.8402,-36.91,356.3,MTWA,4722,0,0
2018,5,4,12,0,0,1,1,-20.17,7.119,-37.02,0.8009,-36.87,356.3,MTWA,4726,0,0
2018,5,4,12,0,0,1,1,-20.14,7.08,-36.99,0.7617,-36.83,356.3,MTWA,4730,0,0
2018,5,4,12,0,0,1,1,-20.14,6.947,-36.96,0.6106,-36.79,356.1,MTWA,4734,0,0
2018,5,4,12,0,0,1,1,-20.11,6.908,-36.93,0.5713,-36.75,356.1,MTWA,4739,0,0
2018,5,4,12,0,0,1,1,-20.09,6.868,-36.89,0.5322,-36.72,356,MTWA,4743,0,0
2018,5,4,12,0,0,1,1,-20.06,6.828,-36.86,0.4931,-36.68,356,MTWA,4747,0,0
2018,5,4,12,0,0,1,1,-20.03,6.789,-36.83,0.4543,-36.64,356,MTWA,4752,0,0
2018,5,4,12,0,0,1,1,-20.03,6.655,-36.8,0.3018,-36.6,355.8,MTWA,4756,0,0
2018,5,4,12,0,0,1,1,-20,6.615,-36.76,0.2629,-36.56,355.8,MTWA,4760,0,0
2018,5,4,12,0,0,1,1,-19.97,6.576,-36.73,0.2241,-36.52,355.8,MTWA,4764,0,0
2018,5,4,12,0,0,1,1,-19.95,6.536,-36.69,0.1854,-36.48,355.7,MTWA,4769,0,0
2018,5,4,12,0,0,1,1,-19.92,6.497,-36.66,0.1469,-36.44,355.7,MTWA,4773,0,0
2018,5,4,12,0,0,1,1,-19.89,6.457,-36.62,0.1084,-36.4,355.7,MTWA,4777,0,0
2018,5,4,12,0,0,1,1,-19.88,6.321,-36.59,360,-36.36,355.5,MTWA,4782,0,0
2018,5,4,12,0,0,1,1,-19.85,6.281,-36.56,359.9,-36.32,355.5,MTWA,4786,0,0
2018,5,4,12,0,0,1,1,-19.83,6.242,-36.52,359.9,-36.28,355.5,MTWA,4790,0,0
2018,5,4,12,0,0,1,1,-19.8,6.202,-36.49,359.8,-36.24,355.4,MTWA,4794,0,0
2018,5,4,12,0,0,1,1,-19.77,6.163,-36.45,359.8,-36.2,355.4,MTWA,4799,0,0
2018,5,4,12,0,0,1,1,-19.76,6.025,-36.42,359.6,-36.15,355.2,MTWA,4803,0,0
2018,5,4,12,0,0,1,1,-19.73,5.985,-36.38,359.6,-36.11,355.2,MTWA,4807,0,0
2018,5,4,12,0,0,1,1,-19.7,5.946,-36.34,359.6,-36.07,355.2,MTWA,4812,0,0
2018,5,4,12,0,0,1,1,-19.67,5.906,-36.31,359.5,-36.03,355.1,MTWA,4816,0,0
2018,5,4,12,0,0,1,1,-19.64,5.867,-36.27,359.5,-35.99,355.1,MTWA,4820,0,0
2018,5,4,12,0,0,1,1,-19.63,5.727,-36.23,359.3,-35.94,355,MTWA,4824,0,0
2018,5,4,12,0,0,1,1,-19.6,5.688,-36.2,359.3,-35.9,354.9,MTWA,4829,0,0
2018,5,4,12,0,0,1,1,-19.57,5.648,-36.16,359.3,-35.86,354.9,MTWA,4833,0,0
2018,5,4,12,0,0,1,1,-19.54,5.608,-36.12,359.2,-35.81,354.9,MTWA,4837,0,0
2018,5,4,12,0,0,1,1,-19.51,5.569,-36.08,359.2,-35.77,354.8,MTWA,4842,0,0
2018,5,4,12,0,0,1,1,-19.48,5.529,-36.05,359.1,-35.73,354.8,MTWA,4846,0,0
2018,5,4,12,0,0,1,1,-19.47,5.388,-36.01,359,-35.68,354.7,MTWA,4850,0,0
2018,5,4,12,0,0,1,1,-19.44,5.348,-35.97,359,-35.64,354.6,MTWA,4854,0,0
2018,5,4,12,0,0,1,1,-19.41,5.309,-35.93,358.9,-35.59,354.6,MTWA,4859,0,0
2018,5,4,12,0,0,1,1,-19.38,5.269,-35.89,358.9,-35.55,354.6,MTWA,4863,0,0
2018,5,4,12,0,0,1,1,-19.34,5.23,-35.85,358.8,-35.51,354.5,MTWA,4867,0,0
2018,5,4,12,0,0,1,1,-19.33,5.086,-35.82,358.7,-35.46,354.4,MTWA,4872,0,0
2018,5,4,12,0,0,1,1,-19.3,5.047,-35.78,358.6,-35.41,354.4,MTWA,4876,0,0
2018,5,4,12,0,0,1,1,-19.27,5.007,-35.74,358.6,-35.37,354.3,MTWA,4880,0,0
2018,5,4,12,0,0,1,1,-19.24,4.968,-35.7,358.6,-35.33,354.3,MTWA,4884,0,0
2018,5,4,12,0,0,1,1,-19.2,4.928,-35.66,358.5,-35.28,354.3,MTWA,4889,0,0
2018,5,4,12,0,0,1,1,-19.17,4.889,-35.62,358.5,-35.24,354.2,MTWA,4893,0,0
2018,5,4,12,0,0,1,1,-19.16,4.743,-35.58,358.3,-35.18,354.1,MTWA,4897,0,0
2018,5,4,12,0,0,1,1,-19.13,4.704,-35.54,358.3,-35.14,354.1,MTWA,4902,0,0
2018,5,4,12,0,0,1,1,-19.09,4.664,-35.5,358.3,-35.1,354,MTWA,4906,0,0
2018,5,4,12,0,0,1,1,-19.06,4.625,-35.46,358.2,-35.05,354,MTWA,4910,0,0
2018,5,4,12,0,0,1,1,-19.03,4.585,-35.42,358.2,-35.01,354,MTWA,4914,0,0
2018,5,4,12,0,0,1,1,-18.99,4.546,-35.38,358.2,-34.96,353.9,MTWA,4919,0,0
2018,5,4,12,0,0,1,1,-18.98,4.399,-35.34,358,-34.91,353.8,MTWA,4923,0,0
2018,5,4,12,0,0,1,1,-18.95,4.359,-35.29,358,-34.86,353.8,MTWA,4927,0,0
2018,5,4,12,0,0,1,1,-18.91,4.32,-35.25,357.9,-34.82,353.7,MTWA,4932,0,0
2018,5,4,12,0,0,1,1,-18.88,4.28,-35.21,357.9,-34.77,353.7,MTWA,4936,0,0
2018,5,4,12,0,0,1,1,-18.84,4.241,-35.17,357.8,-34.73,353.7,MTWA,4940,0,0
2018,5,4,12,0,0,1,1,-18.83,4.091,-35.13,357.7,-34.67,353.5,MTWA,4944,0,0
2018,5,4,12,0,0,1,1,-18.79,4.052,-35.09,357.6,-34.62,353.5,MTWA,4949,0,0
2018,5,4,12,0,0,1,1,-18.76,4.012,-35.04,357.6,-34.58,353.5,MTWA,4953,0,0
2018,5,4,12,0,0,1,1,-18.72,3.973,-35,357.6,-34.53,353.4,MTWA,4957,0,0
2018,5,4,12,0,0,1,1,-18.69,3.934,-34.96,357.5,-34.49,353.4,MTWA,4962,0,0
2018,5,4,12,0,0,1,1,-18.65,3.895,-34.92,357.5,-34.44,353.4,MTWA,4966,0,0
2018,5,4,12,0,0,1,1,-18.64,3.743,-34.87,357.3,-34.38,353.2,MTWA,4970,0,0
2018,5,4,12,0,0,1,1,-18.61,3.703,-34.83,357.3,-34.33,353.2,MTWA,4974,0,0
2018,5,4,12,0,0,1,1,-18.57,3.664,-34.79,357.3,-34.29,353.2,MTWA,4979,0,0
2018,5,4,12,0,0,1,1,-18.53,3.625,-34.75,357.2,-34.24,353.1,MTWA,4983,0,0
2018,5,4,12,0,0,1,1,-18.5,3.586,-34.7,357.2,-34.2,353.1,MTWA,4987,0,0
2018,5,4,12,0,0,1,1,-18.46,3.547,-34.66,357.2,-34.15,353.1,MTWA,4992,0,0
2018,5,4,12,0,0,1,1,-18.45,3.392,-34.61,357,-34.09,352.9,MTWA,4996,0,0
2018,5,4,12,0,0,1,1,-18.41,3.353,-34.57,357,-34.04,352.9,MTWA,5000,0,0
2018,5,4,12,0,0,1,1,-18.38,3.314,-34.53,356.9,-33.99,352.9,MTWA,5004,0,0
2018,5,4,12,0,0,1,1,-18.34,3.275,-34.48,356.9,-33.95,352.8,MTWA,5009,0,0
2018,5,4,12,0,0,1,1,-18.3,3.236,-34.44,356.9,-33.9,352.8,MTWA,5013,0,0
2018,5,4,12,0,0,1,1,-18.27,3.197,-34.4,356.8,-33.85,352.8,MTWA,5017,0,0
2018,5,4,12,0,0,1,1,-18.25,3.04,-34.35,356.6,-33.79,352.6,MTWA,5022,0,0
2018,5,4,12,0,0,1,1,-18.21,3.001,-34.31,356.6,-33.74,352.6,MTWA,5026,0,0
2018,5,4,12,0,0,1,1,-18.18,2.961,-34.26,356.6,-33.7,352.6,MTWA,5030,0,0
2018,5,4,12,0,0,1,1,-18.14,2.923,-34.22,356.5,-33.65,352.5,MTWA,5034,0,0
2018,5,4,12,0,0,1,1,-18.1,2.884,-34.17,356.5,-33.6,352.5,MTWA,5039,0,0
2018,5,4,12,0,0,1,1,-18.07,2.845,-34.13,356.5,-33.55,352.5,MTWA,5043,0,0
2018,5,4,12,0,0,1,1,-18.05,2.685,-34.08,356.3,-33.49,352.3,MTWA,5047,0,0
2018,5,4,12,0,0,1,1,-18.01,2.646,-34.04,356.3,-33.44,352.3,MTWA,5052,0,0
2018,5,4,12,0,0,1,1,-17.98,2.607,-33.99,356.2,-33.39,352.3,MTWA,5056,0,0
2018,5,4,12,0,0,1,1,-17.94,2.568,-33.95,356.2,-33.35,352.2,MTWA,5060,0,0
2018,5,4,12,0,0,1,1,-17.9,2.529,-33.9,356.2,-33.3,352.2,MTWA,5064,0,0
2018,5,4,12,0,0,1,1,-17.87,2.491,-33.86,356.1,-33.25,352.2,MTWA,5069,0,0
2018,5,4,12,0,0,1,1,-17.85,2.329,-33.81,356,-33.18,352,MTWA,5073,0,0
2018,5,4,12,0,0,1,1,-17.81,2.289,-33.77,355.9,-33.14,352,MTWA,5077,0,0
2018,5,4,12,0,0,1,1,-17.77,2.251,-33.72,355.9,-33.09,352,MTWA,5082,0,0
2018,5,4,12,0,0,1,1,-17.74,2.212,-33.68,355.9,-33.04,351.9,MTWA,5086,0,0
2018,5,4,12,0,0,1,1,-17.7,2.173,-33.63,355.8,-32.99,351.9,MTWA,5090,0,0
2018,5,4,12,0,0,1,1,-17.66,2.134,-33.59,355.8,-32.94,351.9,MTWA,5094,0,0
2018,5,4,12,0,0,1,1,-17.62,2.096,-33.54,355.8,-32.89,351.8,MTWA,5099,0,0
2018,5,4,12,0,0,1,1,-17.61,1.931,-33.49,355.6,-32.83,351.7,MTWA,5103,0,0
2018,5,4,12,0,0,1,1,-17.57,1.892,-33.44,355.5,-32.78,351.7,MTWA,5107,0,0
2018,5,4,12,0,0,1,1,-17.53,1.853,-33.4,355.5,-32.73,351.6,MTWA,5112,0,0
2018,5,4,12,0,0,1,1,-17.49,1.814,-33.35,355.5,-32.68,351.6,MTWA,5116,0,0
2018,5,4,12,0,0,1,1,-17.45,1.776,-33.31,355.4,-32.63,351.6,MTWA,5120,0,0
2018,5,4,12,0,0,1,1,-17.41,1.737,-33.26,355.4,-32.58,351.6,MTWA,5124,0,0
2018,5,4,12,0,0,1,1,-17.4,1.569,-33.21,355.2,-32.51,351.4,MTWA,5129,0,0
2018,5,4,12,0,0,1,1,-17.36,1.53,-33.17,355.2,-32.47,351.4,MTWA,5133,0,0
2018,5,4,12,0,0,1,1,-17.32,1.492,-33.12,355.2,-32.42,351.3,MTWA,5137,0,0
2018,5,4,12,0,0,1,1,-17.28,1.453,-33.07,355.1,-32.37,351.3,MTWA,5141,0,0
2018,5,4,12,0,0,1,1,-17.24,1.414,-33.03,355.1,-32.32,351.3,MTWA,5146,0,0
2018,5,4,12,0,0,1,1,-17.21,1.376,-32.98,355.1,-32.27,351.3,MTWA,5150,0,0
2018,5,4,12,0,0,1,1,-17.17,1.338,-32.94,355,-32.22,351.2,MTWA,5154,0,0
2018,5,4,12,0,0,1,1,-17.15,1.167,-32.88,354.8,-32.15,351.1,MTWA,5159,0,0
2018,5,4,12,0,0,1,1,-17.11,1.128,-32.84,354.8,-32.1,351,MTWA,5163,0,0
2018,5,4,12,0,0,1,1,-17.07,1.089,-32.79,354.8,-32.05,351,MTWA,5167,0,0
2018,5,4,12,0,0,1,1,-17.03,1.051,-32.75,354.7,-32,351,MTWA,5171,0,0
2018,5,4,12,0,0,1,1,-17,1.012,-32.7,354.7,-31.95,350.9,MTWA,5176,0,0
2018,5,4,12,0,0,1,1,-16.96,0.974,-32.65,354.7,-31.91,350.9,MTWA,5180,0,0
2018,5,4,12,0,0,1,1,-16.92,0.9359,-32.61,354.7,-31.86,350.9,MTWA,5184,0,0
2018,5,4,12,0,0,1,1,-16.9,0.7616,-32.55,354.5,-31.78,350.7,MTWA,5189,0,0
2018,5,4,12,0,0,1,1,-16.86,0.7229,-32.51,354.4,-31.73,350.7,MTWA,5193,0,0
2018,5,4,12,0,0,1,1,-16.82,0.6843,-32.46,354.4,-31.68,350.7,MTWA,5197,0,0
2018,5,4,12,0,0,1,1,-16.78,0.6459,-32.42,354.4,-31.64,350.6,MTWA,5201,0,0
2018,5,4,12,0,0,1,1,-16.75,0.6075,-32.37,354.3,-31.59,350.6,MTWA,5206,0,0
2018,5,4,12,0,0,1,1,-16.71,0.5693,-32.32,354.3,-31.54,350.6,MTWA,5210,0,0
2018,5,4,12,0,0,1,1,-16.67,0.5312,-32.28,354.3,-31.49,350.6,MTWA,5214,0,0
2018,5,4,12,0,0,1,1,-16.63,0.4931,-32.23,354.2,-31.44,350.5,MTWA,5219,0,0
2018,5,4,12,0,0,1,1,-16.61,0.3153,-32.18,354,-31.36,350.4,MTWA,5223,0,0
2018,5,4,12,0,0,1,1,-16.57,0.2766,-32.13,354,-31.32,350.3,MTWA,5227,0,0
2018,5,4,12,0,0,1,1,-16.53,0.2382,-32.08,354,-31.27,350.3,MTWA,5231,0,0
2018,5,4,12,0,0,1,1,-16.49,0.1998,-32.04,354,-31.22,350.3,MTWA,5236,0,0
2018,5,4,12,0,0,1,1,-16.46,0.1617,-31.99,353.9,-31.17,350.3,MTWA,5240,0,0
2018,5,4,12,0,0,1,1,-16.42,0.1236,-31.94,353.9,-31.12,350.2,MTWA,5244,0,0
2018,5,4,12,0,0,1,1,-16.38,0.08552,-31.9,353.9,-31.07,350.2,MTWA,5249,0,0
2018,5,4,12,0,0,1,1,-16.36,359.9,-31.84,353.7,-30.99,350,MTWA,5253,0,0
2018,5,4,12,0,0,1,1,-16.32,359.9,-31.8,353.6,-30.94,350,MTWA,5257,0,0
2018,5,4,12,0,0,1,1,-16.28,359.8,-31.75,353.6,-30.9,350,MTWA,5261,0,0
2018,5,4,12,0,0,1,1,-16.24,359.8,-31.7,353.6,-30.85,350,MTWA,5266,0,0
2018,5,4,12,0,0,1,1,-16.2,359.8,-31.66,353.5,-30.8,349.9,MTWA,5270,0,0
2018,5,4,12,0,0,1,1,-16.17,359.7,-31.61,353.5,-30.75,349.9,MTWA,5274,0,0
2018,5,4,12,0,0,1,1,-16.13,359.7,-31.56,353.5,-30.7,349.9,MTWA,5279,0,0
2018,5,4,12,0,0,1,1,-16.09,359.6,-31.52,353.4,-30.65,349.9,MTWA,5283,0,0
2018,5,4,12,0,0,1,1,-16.07,359.5,-31.46,353.2,-30.57,349.7,MTWA,5287,0,0
2018,5,4,12,0,0,1,1,-16.03,359.4,-31.41,353.2,-30.52,349.7,MTWA,5291,0,0
2018,5,4,12,0,0,1,1,-15.99,359.4,-31.37,353.2,-30.47,349.6,MTWA,5296,0,0
2018,5,4,12,0,0,1,1,-15.95,359.3,-31.32,353.2,-30.42,349.6,MTWA,5300,0,0
2018,5,4,12,0,0,1,1,-15.91,359.3,-31.28,353.1,-30.38,349.6,MTWA,5304,0,0
2018,5,4,12,0,0,1,1,-15.88,359.3,-31.23,353.1,-30.33,349.6,MTWA,5309,0,0
2018,5,4,12,0,0,1,1,-15.84,359.2,-31.18,353.1,-30.28,349.5,MTWA,5313,0,0
2018,5,4,12,0,0,1,1,-15.8,359.2,-31.14,353,-30.23,349.5,MTWA,5317,0,0
2018,5,4,12,0,0,1,1,-15.76,359.1,-31.09,353,-30.18,349.5,MTWA,5321,0,0
2018,5,4,12,0,0,1,1,-15.74,359,-31.03,352.8,-30.1,349.3,MTWA,5326,0,0
2018,5,4,12,0,0,1,1,-15.7,358.9,-30.99,352.8,-30.05,349.3,MTWA,5330,0,0
2018,5,4,12,0,0,1,1,-10.27,350.2,-23.64,345,-21.97,342.6,MTWA,6100,0,0
2018,5,4,12,0,0,1,1,20.06,143.1,24.83,134.4,20.48,132.6,MTWA,2140,0,0
