year,month,dom,hour,min,sec,kp,infi,algeo,apgeo,algsm,apgsm,algse,apgse,tag,rig,zen,azi
2018,5,4,18,0,0,1,2,6.378,218.6,-7.426,310,9.363,310.2,MTWA,1050,0,0
2018,5,4,18,0,0,1,2,44.17,12.51,50.23,86.9,28.41,87.75,MTWA,1054,0,0
2018,5,4,18,0,0,1,2,18.71,149.5,21.81,247,41.53,241.1,MTWA,1059,0,0
2018,5,4,18,0,0,1,2,66.1,234,49.94,332.7,55.1,1.069,MTWA,1063,0,0
2018,5,4,18,0,0,1,2,27.04,188.6,18.97,286.4,39.74,290.3,MTWA,1067,0,0
2018,5,4,18,0,0,1,2,-41.19,151.9,-36.06,230.5,-18.3,237.2,MTWA,1071,0,0
2018,5,4,18,0,0,1,2,-55.88,220.7,-68.28,290.1,-47.14,280.8,MTWA,1076,0,0
2018,5,4,18,0,0,1,2,-10.33,86.36,5.965,177.7,4.684,175.6,MTWA,1080,0,0
2018,5,4,18,0,0,1,0,-49.3,175.9,-50.15,247.4,-29.49,253.6,MTWA,1084,0,0
2018,5,4,18,0,0,1,0,-20.09,190.6,-26.98,275.4,-5.217,274.8,MTWA,1089,0,0
2018,5,4,18,0,0,1,2,-31.93,243,-48.32,331.6,-35.13,315.7,MTWA,1093,0,0
2018,5,4,18,0,0,1,2,-57.61,357.4,-50.42,110,-69.74,129.1,MTWA,1097,0,0
2018,5,4,18,0,0,1,2,34.61,162.7,33.06,265.5,54.81,263.4,MTWA,1101,0,0
2018,5,4,18,0,0,1,2,41.73,170.3,37.62,275.4,59.32,278.4,MTWA,1106,0,0
2018,5,4,18,0,0,1,2,-63.29,31.83,-49.32,137.5,-60.18,165.3,MTWA,1110,0,0
2018,5,4,18,0,0,1,2,46.54,199.6,35.27,301.9,52.54,315.2,MTWA,1114,0,0
2018,5,4,18,0,0,1,2,20.19,201.6,9.35,296.4,28.65,300,MTWA,1119,0,0
2018,5,4,18,0,0,1,2,39.44,161.9,37.81,266.8,59.61,265,MTWA,1123,0,0
2018,5,4,18,0,0,1,2,-54.25,170.4,-53,238.9,-33.32,248.1,MTWA,1127,0,0
2018,5,4,18,0,0,1,0,-3.279,142.7,2.612,234,20.08,231.3,MTWA,1131,0,0
2018,5,4,18,0,0,1,2,-15.86,87.43,0.3703,178.3,-0.2587,178.3,MTWA,1136,0,0
2018,5,4,18,0,0,1,0,-61.47,159.8,-56.45,224.2,-39.05,239.3,MTWA,1140,0,0
2018,5,4,18,0,0,1,2,-17.33,233,-32.9,321.5,-18.05,313.8,MTWA,1144,0,0
2018,5,4,18,0,0,1,2,20.77,195,11.39,290.5,31.67,293.8,MTWA,1149,0,0
2018,5,4,18,0,0,1,0,-54.1,198.9,-60.99,265.9,-39.17,267.4,MTWA,1153,0,0
2018,5,4,18,0,0,1,2,-4.331,136.2,3.307,227.5,19.12,224.4,MTWA,1157,0,0
2018,5,4,18,0,0,1,2,-39.87,151.1,-34.6,230.3,-16.92,236.7,MTWA,1161,0,0
2018,5,4,18,0,0,1,2,-49.57,308.1,-56.72,60.09,-72.35,25.47,MTWA,1166,0,0
2018,5,4,18,0,0,1,2,25.13,276.2,9.615,5.707,6.789,8.87,MTWA,1170,0,0
2018,5,4,18,0,0,1,0,-30.01,139.2,-22.22,223.3,-6.561,227.3,MTWA,1174,0,0
2018,5,4,18,0,0,1,2,26.06,305.9,15.34,32.49,3.011,35.44,MTWA,1179,0,0
2018,5,4,18,0,0,1,2,-42.29,52.69,-26.41,147.8,-36.17,159.9,MTWA,1183,0,0
2018,5,4,18,0,0,1,2,56.34,352.6,55.42,59,35.67,68.9,MTWA,1187,0,0
2018,5,4,18,0,0,1,2,-20.66,157.6,-18.18,243.2,1.492,244.6,MTWA,1191,0,0
2018,5,4,18,0,0,1,2,-59.11,131.5,-48.11,205.5,-35.72,222,MTWA,1196,0,0
2018,5,4,18,0,0,1,0,-35.8,153.1,-31.31,233.8,-13.05,238.8,MTWA,1200,0,0
2018,5,4,18,0,0,1,2,-51.82,137.9,-42.61,214,-28.36,226.1,MTWA,1204,0,0
2018,5,4,18,0,0,1,2,-76.67,182.5,-72.54,211,-55.88,242.7,MTWA,1209,0,0
2018,5,4,18,0,0,1,0,6.69,210.5,-5.66,302,12.85,302.8,MTWA,1213,0,0
2018,5,4,18,0,0,1,0,-38.05,162,-35.87,240.9,-16.28,245.7,MTWA,1217,0,0
2018,5,4,18,0,0,1,0,-45.84,294.3,-56.91,41.78,-65.92,3.629,MTWA,1221,0,0
2018,5,4,18,0,0,1,0,-71.63,191.7,-72.24,229.6,-52.89,250.9,MTWA,1226,0,0
2018,5,4,18,0,0,1,2,-0.2196,99.28,14.75,191.7,18.03,185.3,MTWA,1230,0,0
2018,5,4,18,0,0,1,2,-1.608,239.9,-17.88,330.7,-6.42,326.6,MTWA,1234,0,0
2018,5,4,18,0,0,1,2,12.22,285.9,-1.936,16.55,-7.908,14.72,MTWA,1239,0,0
2018,5,4,18,0,0,1,2,-53.66,134.7,-43.65,210.6,-30.22,223.9,MTWA,1243,0,0
2018,5,4,18,0,0,1,2,-74.42,203.6,-76.57,226.2,-57.18,252.7,MTWA,1247,0,0
2018,5,4,18,0,0,1,2,29.5,242.8,13.01,335.4,21.09,341.7,MTWA,1251,0,0
2018,5,4,18,0,0,1,2,3.19,271.7,-12.66,3.584,-13.08,358.5,MTWA,1256,0,0
2018,5,4,18,0,0,1,2,11.6,301.1,0.2102,31.23,-10.94,29.43,MTWA,1260,0,0
2018,5,4,18,0,0,1,2,-43.53,256.2,-60.22,349.1,-50.42,320,MTWA,1264,0,0
2018,5,4,18,0,0,1,2,-23.35,213.4,-35.66,298.4,-15.98,293.7,MTWA,1268,0,0
2018,5,4,18,0,0,1,2,-15.08,200,-24.58,286.5,-3.537,285,MTWA,1273,0,0
2018,5,4,18,0,0,1,2,-75.2,81.26,-58.55,168.5,-56.13,203.4,MTWA,1277,0,0
2018,5,4,18,0,0,1,0,27.27,266.3,10.93,356.5,11.43,0.8594,MTWA,1281,0,0
2018,5,4,18,0,0,1,0,43.23,144.4,46.32,252.3,66.37,238.5,MTWA,1286,0,0
2018,5,4,18,0,0,1,0,-8.206,255.5,-24.92,347.2,-18.44,338.8,MTWA,1290,0,0
2018,5,4,18,0,0,1,2,0.679,131.3,9.372,224.1,23.99,219.1,MTWA,1294,0,0
2018,5,4,18,0,0,1,2,-4.828,226.6,-19.71,316.4,-4.1,313.1,MTWA,1298,0,0
2018,5,4,18,0,0,1,2,-22.06,232.4,-37.54,320.2,-22.13,311.1,MTWA,1303,0,0
2018,5,4,18,0,0,1,2,-53.15,188.3,-57.12,256.1,-35.68,260.7,MTWA,1307,0,0
2018,5,4,18,0,0,1,2,-16.04,133.7,-7.391,222.1,7.372,222.1,MTWA,1311,0,0
2018,5,4,18,0,0,1,2,-30.17,13.91,-20.73,112,-40.63,117.5,MTWA,1316,0,0
2018,5,4,18,0,0,1,2,21.52,207.8,9.395,302.4,27.47,306.6,MTWA,1320,0,0
2018,5,4,18,0,0,1,2,-54.36,161.4,-50.65,231.3,-32.24,242,MTWA,1324,0,0
2018,5,4,18,0,0,1,2,3.795,307.8,-5.877,39.55,-19.32,35.63,MTWA,1328,0,0
2018,5,4,18,0,0,1,2,5.01,106.6,18.82,200.1,24.87,191.5,MTWA,1333,0,0
2018,5,4,18,0,0,1,2,-15.82,302.2,-26.25,38.77,-38.28,27.02,MTWA,1337,0,0
2018,5,4,18,0,0,1,2,22.24,293.1,9.111,21.58,0.662,23.32,MTWA,1341,0,0
2018,5,4,18,0,0,1,2,-39.86,163.5,-37.97,241.4,-18.26,246.6,MTWA,1346,0,0
2018,5,4,18,0,0,1,2,-40.77,229.5,-55.6,312.1,-37.58,298.6,MTWA,1350,0,0
2018,5,4,18,0,0,1,2,38.47,258.9,21.82,349.4,24.08,358.8,MTWA,1354,0,0
2018,5,4,18,0,0,1,2,-1.81,131.8,6.841,223.9,21.53,219.7,MTWA,1358,0,0
2018,5,4,18,0,0,1,2,-46.67,24.17,-34.54,125.7,-50.82,139.5,MTWA,1363,0,0
2018,5,4,18,0,0,1,2,-59.14,260.9,-75.55,0.6669,-64.14,304.9,MTWA,1367,0,0
2018,5,4,18,0,0,1,2,-21.62,285.2,-35.41,21.91,-40.62,5.037,MTWA,1371,0,0
2018,5,4,18,0,0,1,0,-46.7,108.6,-32.43,192.7,-25.36,204.3,MTWA,1376,0,0
2018,5,4,18,0,0,1,0,-2.695,209.1,-14.58,298.8,4.698,297.9,MTWA,1380,0,0
2018,5,4,18,0,0,1,2,-24.83,224.4,-39.15,310.4,-21.49,302.7,MTWA,1384,0,0
2018,5,4,18,0,0,1,2,55.32,132.5,60.58,249.8,78.52,211.4,MTWA,1388,0,0
2018,5,4,18,0,0,1,2,-76.86,29.16,-62.32,144.7,-67.18,192,MTWA,1393,0,0
2018,5,4,18,0,0,1,2,-12.05,93.97,3.615,185,5.228,183.3,MTWA,1397,0,0
2018,5,4,18,0,0,1,2,-32.81,187.2,-38.14,267.2,-16.32,267.7,MTWA,1401,0,0
2018,5,4,18,0,0,1,2,25.9,253.7,9.177,345.1,14.02,349.5,MTWA,1406,0,0
2018,5,4,18,0,0,1,2,55.46,191.5,45.35,299.3,62.65,318.6,MTWA,1410,0,0
2018,5,4,18,0,0,1,2,-48.29,256,-64.98,349.1,-54.24,315.3,MTWA,1414,0,0
2018,5,4,18,0,0,1,2,-44.08,112.6,-30.45,196.6,-22.24,206.8,MTWA,1418,0,0
2018,5,4,18,0,0,1,2,-12.91,93.99,2.758,184.9,4.406,183.5,MTWA,1423,0,0
2018,5,4,18,0,0,1,2,23.46,286.6,9.264,15.39,2.961,17.66,MTWA,1427,0,0
2018,5,4,18,0,0,1,2,8.89,257.7,-7.782,349.1,-3.24,347.1,MTWA,1431,0,0
2018,5,4,18,0,0,1,2,40.8,203.7,28.96,303.5,46.13,314.1,MTWA,1436,0,0
2018,5,4,18,0,0,1,2,-23.34,242.3,-39.71,331.7,-27.21,319.6,MTWA,1440,0,0
2018,5,4,18,0,0,1,2,-3.144,216.5,-16.45,306.2,1.444,304.5,MTWA,1444,0,0
2018,5,4,18,0,0,1,0,71.64,193.7,59.63,312.1,70.1,355.5,MTWA,1448,0,0
2018,5,4,18,0,0,1,2,-21.34,228,-36.24,315.2,-19.72,307.5,MTWA,1453,0,0
2018,5,4,18,0,0,1,2,-9.072,243.6,-25.55,334.1,-14.7,327,MTWA,1457,0,0
2018,5,4,18,0,0,1,2,-11.13,168.9,-12.34,256.9,8.966,257.1,MTWA,1461,0,0
2018,5,4,18,0,0,1,2,-19.12,294.8,-31.11,31.79,-40.35,17.27,MTWA,1466,0,0
2018,5,4,18,0,0,1,2,-2.484,274.9,-17.97,7.511,-19.44,0.03729,MTWA,1470,0,0
2018,5,4,18,0,0,1,2,-29.42,73.23,-12.7,164.7,-17.44,170.5,MTWA,1474,0,0
2018,5,4,18,0,0,1,2,-47.84,189.5,-52.74,261.5,-31.05,264,MTWA,1478,0,0
2018,5,4,18,0,0,1,2,-6.14,304.6,-16.31,38.68,-28.94,31.1,MTWA,1483,0,0
2018,5,4,18,0,0,1,2,-39.88,51.71,-24.1,146.7,-34.42,157.7,MTWA,1487,0,0
2018,5,4,18,0,0,1,2,1.508,192.2,-6.596,283,14.68,283.4,MTWA,1491,0,0
2018,5,4,18,0,0,1,2,32.63,173.8,28.14,274.7,49.88,276.5,MTWA,1496,0,0
2018,5,4,18,0,0,1,2,34.47,149.3,36.76,252.8,57.17,244.1,MTWA,1500,0,0
2018,5,4,18,0,0,1,2,-15.83,206.8,-26.9,293.3,-6.612,290.8,MTWA,1504,0,0
2018,5,4,18,0,0,1,2,-0.9621,181.4,-6.107,271.9,15.73,271.9,MTWA,1508,0,0
2018,5,4,18,0,0,1,2,-29.55,130.6,-19.75,215.8,-6.23,219.8,MTWA,1513,0,0
2018,5,4,18,0,0,1,2,-7.051,359.4,-2.133,92.2,-23.96,92.4,MTWA,1517,0,0
2018,5,4,18,0,0,1,0,-24.18,281,-38.63,17.69,-41.9,359.1,MTWA,1521,0,0
2018,5,4,18,0,0,1,0,-50.8,272.2,-66.06,15.26,-62.63,328.4,MTWA,1526,0,0
2018,5,4,18,0,0,1,0,-33.8,138.4,-25.65,221.4,-10.34,226.6,MTWA,1530,0,0
2018,5,4,18,0,0,1,0,-2.176,197.6,-11.49,287.4,9.378,287.3,MTWA,1534,0,0
2018,5,4,18,0,0,1,0,-18.88,220.6,-32.65,307.4,-14.58,301.9,MTWA,1538,0,0
2018,5,4,18,0,0,1,0,-22.31,219.9,-35.9,305.9,-17.47,299.9,MTWA,1543,0,0
2018,5,4,18,0,0,1,0,-15.13,212.4,-27.43,299.4,-8.042,296.1,MTWA,1547,0,0
2018,5,4,18,0,0,1,0,-9.14,183.4,-14.53,271.5,7.313,271.5,MTWA,1551,0,0
2018,5,4,18,0,0,1,0,-56.16,143.4,-47.85,215.9,-32.78,229.7,MTWA,1556,0,0
2018,5,4,18,0,0,1,0,-28.54,263.6,-44.92,357.7,-40.14,337.7,MTWA,1560,0,0
2018,5,4,18,0,0,1,0,-48.95,329.2,-50.15,80.44,-71.39,70.52,MTWA,1564,0,0
2018,5,4,18,0,0,1,2,73.1,76.13,89.11,244.5,68.95,91.07,MTWA,1568,0,0
2018,5,4,18,0,0,1,2,8.637,240.9,-7.715,332.4,2.646,331.5,MTWA,1573,0,0
2018,5,4,18,0,0,1,2,1.723,241.1,-14.63,332.2,-3.811,329,MTWA,1577,0,0
2018,5,4,18,0,0,1,2,-17.1,112,-3.867,201.5,4.233,201.4,MTWA,1581,0,0
2018,5,4,18,0,0,1,2,14.33,293.4,1.401,23.41,-7.203,22.38,MTWA,1586,0,0
2018,5,4,18,0,0,1,2,58.76,197.5,47.27,305.4,62.56,328.6,MTWA,1590,0,0
2018,5,4,18,0,0,1,2,19.83,242.1,3.395,334.2,12.51,337,MTWA,1594,0,0
2018,5,4,18,0,0,1,2,-13.24,239.1,-29.42,328.9,-16.78,321.2,MTWA,1598,0,0
2018,5,4,18,0,0,1,2,-67.68,128.8,-55.52,198.2,-44.36,221.2,MTWA,1603,0,0
2018,5,4,18,0,0,1,2,38.84,70.5,55.54,161,44.16,138.2,MTWA,1607,0,0
2018,5,4,18,0,0,1,2,4.514,289.7,-8.921,21.51,-16.2,16.85,MTWA,1611,0,0
2018,5,4,18,0,0,1,2,-40.59,63.13,-24.08,156.3,-31,167.3,MTWA,1616,0,0
2018,5,4,18,0,0,1,2,-28.58,132.6,-19.26,217.8,-5.188,221.5,MTWA,1620,0,0
2018,5,4,18,0,0,1,2,-7.204,273.9,-22.77,7.031,-23.66,357.5,MTWA,1624,0,0
2018,5,4,18,0,0,1,2,-5.961,234.2,-21.73,324.3,-8.161,319.6,MTWA,1628,0,0
2018,5,4,18,0,0,1,2,15.85,275.1,0.2831,5.726,-1.882,5.42,MTWA,1633,0,0
2018,5,4,18,0,0,1,0,-13.27,282.4,-27.65,17.11,-31.86,4.665,MTWA,1637,0,0
2018,5,4,18,0,0,1,2,20.67,305.4,9.997,33.33,-2.322,34.56,MTWA,1641,0,0
2018,5,4,18,0,0,1,2,-0.1959,282.1,-14.77,14.66,-19.14,8.048,MTWA,1646,0,0
2018,5,4,18,0,0,1,2,-62.24,136.4,-51.92,207,-38.78,225.1,MTWA,1650,0,0
2018,5,4,18,0,0,1,2,-40.04,209.9,-50.94,288.2,-29.87,283.1,MTWA,1654,0,0
2018,5,4,18,0,0,1,2,-64.54,99.6,-48.94,181.5,-43.87,204.3,MTWA,1658,0,0
2018,5,4,18,0,0,1,2,-12.65,309.8,-21.35,45.62,-35.85,36.51,MTWA,1663,0,0
2018,5,4,18,0,0,1,2,4.737,339.2,3.427,69.51,-17.01,68.56,MTWA,1667,0,0
2018,5,4,18,0,0,1,2,21.52,128.9,30.13,227.4,44.64,214.6,MTWA,1671,0,0
2018,5,4,18,0,0,1,2,5.421,331.3,1.836,61.75,-17.34,60.29,MTWA,1676,0,0
2018,5,4,18,0,0,1,2,-12.68,278.7,-27.61,12.96,-30.28,0.7974,MTWA,1680,0,0
2018,5,4,18,0,0,1,2,-38.8,266.5,-54.91,2.811,-50.35,334.1,MTWA,1684,0,0
2018,5,4,18,0,0,1,2,8.658,223.7,-5.948,315.3,9.426,315.8,MTWA,1688,0,0
2018,5,4,18,0,0,1,2,-11.2,293.5,-23.64,28.5,-32.34,17.67,MTWA,1693,0,0
2018,5,4,18,0,0,1,2,-4.209,162.3,-3.801,252.6,17.03,251.8,MTWA,1697,0,0
2018,5,4,18,0,0,1,2,-7.31,241.9,-23.69,332.4,-12.43,326.2,MTWA,1701,0,0
2018,5,4,18,0,0,1,2,14.15,178.7,9.166,273.4,30.97,274,MTWA,1706,0,0
2018,5,4,18,0,0,1,0,16.68,284.9,2.324,14.91,-3.344,14.72,MTWA,1710,0,0
2018,5,4,18,0,0,1,0,-22.83,185.2,-28.13,269.1,-6.283,269.2,MTWA,1714,0,0
2018,5,4,18,0,0,1,2,29.62,144,33.72,245.6,52.86,235.3,MTWA,1718,0,0
2018,5,4,18,0,0,1,2,-2.541,226.1,-17.37,316.2,-1.796,313.5,MTWA,1723,0,0
2018,5,4,18,0,0,1,2,6.89,250.3,-9.816,341.8,-2.509,339.5,MTWA,1727,0,0
2018,5,4,18,0,0,1,2,-15.75,348.9,-13.4,84.74,-35.14,83.74,MTWA,1731,0,0
2018,5,4,18,0,0,1,1,-9.212,206.6,-20.42,294.8,-0.4159,293.1,MTWA,1735,0,0
2018,5,4,18,0,0,1,2,1.444,229.8,-13.89,320.5,0.369,318.6,MTWA,1740,0,0
2018,5,4,18,0,0,1,2,-82.58,330.2,-73.33,138.6,-73.7,220,MTWA,1744,0,0
2018,5,4,18,0,0,1,2,21.57,329.2,16.72,55.02,-1.444,56.67,MTWA,1748,0,0
2018,5,4,18,0,0,1,2,18.73,221.9,4.273,315.1,19.33,318.4,MTWA,1753,0,0
2018,5,4,18,0,0,1,1,7.603,184.8,1.222,277.4,22.87,278.1,MTWA,1757,0,0
2018,5,4,18,0,0,1,1,11.34,173,8.038,267.3,29.86,266.9,MTWA,1761,0,0
2018,5,4,18,0,0,1,1,12.97,200.8,2.501,294,22.33,296.1,MTWA,1765,0,0
2018,5,4,18,0,0,1,2,-21.3,255.7,-38,347.7,-30.59,333.4,MTWA,1770,0,0
2018,5,4,18,0,0,1,2,-13.37,244.4,-29.88,334.8,-18.98,326.1,MTWA,1774,0,0
2018,5,4,18,0,0,1,2,27.17,199.5,16.59,296.2,35.8,301.5,MTWA,1778,0,0
2018,5,4,18,0,0,1,2,-6.503,344.3,-5.883,77.59,-27.18,76.09,MTWA,1783,0,0
2018,5,4,18,0,0,1,2,3.077,221.5,-11.14,312.3,5.195,311.5,MTWA,1787,0,0
2018,5,4,18,0,0,1,2,-3.137,144.4,2.267,235.8,20.14,233.2,MTWA,1791,0,0
2018,5,4,18,0,0,1,1,14.48,183.8,8.109,278.4,29.7,279.6,MTWA,1795,0,0
2018,5,4,18,0,0,1,2,0.08486,240,-16.19,330.9,-4.895,327.4,MTWA,1800,0,0
2018,5,4,18,0,0,1,2,-15.43,240.9,-31.73,330.7,-19.46,321.9,MTWA,1804,0,0
2018,5,4,18,0,0,1,2,18.43,296.6,6.015,25.64,-3.62,26.05,MTWA,1808,0,0
2018,5,4,18,0,0,1,2,24.69,8.434,30.79,91.62,8.953,91.41,MTWA,1813,0,0
2018,5,4,18,0,0,1,1,15.65,199.2,5.448,293.2,25.38,295.7,MTWA,1817,0,0
2018,5,4,18,0,0,1,2,1.133,177.5,-3,268.6,18.84,268.6,MTWA,1821,0,0
2018,5,4,18,0,0,1,2,-7.851,252.5,-24.58,343.9,-16.99,336,MTWA,1825,0,0
2018,5,4,18,0,0,1,2,2.553,237.9,-13.57,328.9,-1.782,326.4,MTWA,1830,0,0
2018,5,4,18,0,0,1,2,33.13,310.3,23.14,34.54,9.819,39.75,MTWA,1834,0,0
2018,5,4,18,0,0,1,2,-4.766,251.6,-21.49,342.9,-13.8,336.4,MTWA,1838,0,0
2018,5,4,18,0,0,1,2,41.21,284.1,26.44,10.16,20.74,19.51,MTWA,1843,0,0
2018,5,4,18,0,0,1,2,61.16,76.08,77.84,171.4,63.58,117.9,MTWA,1847,0,0
2018,5,4,18,0,0,1,2,6.872,293.4,-5.938,24.74,-14.54,21.05,MTWA,1851,0,0
2018,5,4,18,0,0,1,2,-24.19,245.9,-40.76,335.8,-29.38,322.5,MTWA,1855,0,0
2018,5,4,18,0,0,1,2,-45.45,359.5,-38.72,105,-59.44,113.4,MTWA,1860,0,0
2018,5,4,18,0,0,1,2,-19.35,272,-35.05,6.494,-34.58,351.1,MTWA,1864,0,0
2018,5,4,18,0,0,1,0,-51.98,94.58,-36.12,180.8,-32.88,195.9,MTWA,1868,0,0
2018,5,4,18,0,0,1,0,-86.45,26.04,-70.69,156.7,-67.61,217.1,MTWA,1873,0,0
2018,5,4,18,0,0,1,0,-7.115,176.3,-10.59,265.2,11.19,265.2,MTWA,1877,0,0
2018,5,4,18,0,0,1,0,-12.18,234.3,-27.92,323.6,-13.87,317.1,MTWA,1881,0,0
2018,5,4,18,0,0,1,0,-33.24,241.8,-49.55,330,-35.84,313.9,MTWA,1885,0,0
2018,5,4,18,0,0,1,0,-40.81,235,-56.4,319.4,-39.72,303.1,MTWA,1890,0,0
2018,5,4,18,0,0,1,0,-40.43,227.8,-54.99,310,-36.63,297.4,MTWA,1894,0,0
2018,5,4,18,0,0,1,0,-34.2,223.8,-48.23,307.2,-29.66,297.6,MTWA,1898,0,0
2018,5,4,18,0,0,1,0,-26.64,220.2,-40.2,305.1,-21.51,298.2,MTWA,1903,0,0
2018,5,4,18,0,0,1,0,-19.25,210.3,-31,296.1,-11.05,292.6,MTWA,1907,0,0
2018,5,4,18,0,0,1,0,-26.52,185.2,-31.63,267.7,-9.792,268,MTWA,1911,0,0
2018,5,4,18,0,0,1,0,-59.73,165.1,-56.33,229.9,-37.92,243.1,MTWA,1915,0,0
2018,5,4,18,0,0,1,0,-53.14,288.6,-65.07,40.26,-70.57,345.3,MTWA,1920,0,0
2018,5,4,18,0,0,1,0,-53.64,115.1,-40.12,195.8,-31.35,210.5,MTWA,1924,0,0
2018,5,4,18,0,0,1,2,-10.75,227.1,-25.64,316.1,-9.728,311.2,MTWA,1928,0,0
2018,5,4,18,0,0,1,2,-3.76,220.5,-17.75,310.2,-0.7183,308,MTWA,1933,0,0
2018,5,4,18,0,0,1,2,-45.71,225.2,-59.67,304.2,-40.22,291.8,MTWA,1937,0,0
2018,5,4,18,0,0,1,2,-5.531,273.9,-21.11,6.807,-22.06,358.1,MTWA,1941,0,0
2018,5,4,18,0,0,1,2,11.67,240.9,-4.687,332.6,5.441,332.7,MTWA,1945,0,0
2018,5,4,18,0,0,1,2,-47.4,186.7,-51.52,258.9,-29.96,262.1,MTWA,1950,0,0
2018,5,4,18,0,0,1,2,-34,235.6,-49.74,321.9,-34.06,307.9,MTWA,1954,0,0
2018,5,4,18,0,0,1,1,10.34,197.1,0.7722,289.9,21.24,291.5,MTWA,1958,0,0
2018,5,4,18,0,0,1,2,23.84,279.3,8.668,8.625,4.841,11.21,MTWA,1963,0,0
2018,5,4,18,0,0,1,1,12.3,217.6,-1.425,310,15.18,311.7,MTWA,1967,0,0
2018,5,4,18,0,0,1,2,0.4026,243,-16.05,334,-5.746,330.2,MTWA,1971,0,0
2018,5,4,18,0,0,1,2,-22,280.3,-36.6,16.4,-39.62,359.1,MTWA,1975,0,0
2018,5,4,18,0,0,1,2,11.24,256,-5.465,347.4,-0.4677,346.3,MTWA,1980,0,0
2018,5,4,18,0,0,1,1,5.8,181.6,0.331,274,22.12,274.3,MTWA,1984,0,0
2018,5,4,18,0,0,1,2,-3.614,37.48,9.966,128.4,-7.266,128.1,MTWA,1988,0,0
2018,5,4,18,0,0,1,2,-22.72,241.3,-39.03,330.5,-26.25,318.9,MTWA,1993,0,0
2018,5,4,18,0,0,1,2,-74.81,229.5,-83.38,230.1,-62.76,260.7,MTWA,1997,0,0
2018,5,4,18,0,0,1,2,-4.259,311.2,-12.87,44.87,-27.56,38.79,MTWA,2001,0,0
2018,5,4,18,0,0,1,1,-7.276,189.7,-14.42,278.2,7.209,278,MTWA,2005,0,0
2018,5,4,18,0,0,1,1,2.728,175.8,-1.005,267.5,20.82,267.3,MTWA,2010,0,0
2018,5,4,18,0,0,1,1,13.26,201,2.739,294.3,22.53,296.4,MTWA,2014,0,0
2018,5,4,18,0,0,1,2,-22.18,267.1,-38.33,1.132,-35.55,344.6,MTWA,2018,0,0
2018,5,4,18,0,0,1,2,16.97,248.3,0.3035,340,7.575,341.5,MTWA,2023,0,0
2018,5,4,18,0,0,1,2,-9.5,258.2,-26.15,350.2,-20.63,340.9,MTWA,2027,0,0
2018,5,4,18,0,0,1,2,-41.45,0.6241,-34.68,104.2,-55.57,110.9,MTWA,2031,0,0
2018,5,4,18,0,0,1,0,8.835,297.1,-3.288,28.04,-13.18,25.17,MTWA,2035,0,0
2018,5,4,18,0,0,1,2,-11.48,296.1,-23.39,31.25,-33.08,20.55,MTWA,2040,0,0
2018,5,4,18,0,0,1,2,-31.67,272.4,-47.23,8.996,-46.12,345.4,MTWA,2044,0,0
2018,5,4,18,0,0,1,2,0.7508,259.8,-15.86,351.5,-11.59,346.2,MTWA,2048,0,0
2018,5,4,18,0,0,1,1,-19.22,213.6,-31.66,299.6,-12.23,295.5,MTWA,2053,0,0
2018,5,4,18,0,0,1,1,-21.44,192.1,-28.68,276.4,-6.95,275.7,MTWA,2057,0,0
2018,5,4,18,0,0,1,1,-18.23,179.1,-22.02,264.6,-0.2619,265,MTWA,2061,0,0
2018,5,4,18,0,0,1,1,-13.21,170.7,-14.81,257.9,6.582,258.3,MTWA,2065,0,0
2018,5,4,18,0,0,1,1,-7.829,164.5,-7.906,253.7,13.07,253.4,MTWA,2070,0,0
2018,5,4,18,0,0,1,1,-2.755,159.6,-1.636,250.4,18.91,249.3,MTWA,2074,0,0
2018,5,4,18,0,0,1,1,1.871,155.3,4.025,247.6,24.11,245.4,MTWA,2078,0,0
2018,5,4,18,0,0,1,1,6.065,151.4,9.17,245.1,28.76,241.6,MTWA,2083,0,0
2018,5,4,18,0,0,1,1,9.687,147.7,13.69,242.5,32.72,237.8,MTWA,2087,0,0
2018,5,4,18,0,0,1,1,12.79,144.2,17.64,240,36.05,233.9,MTWA,2091,0,0
2018,5,4,18,0,0,1,1,15.51,140.8,21.19,237.5,38.91,229.9,MTWA,2095,0,0
2018,5,4,18,0,0,1,1,17.84,137.5,24.33,234.9,41.3,225.8,MTWA,2100,0,0
2018,5,4,18,0,0,1,1,19.81,134.3,27.06,232.3,43.21,221.7,MTWA,2104,0,0
2018,5,4,18,0,0,1,1,21.42,131.2,29.42,229.7,44.69,217.6,MTWA,2108,0,0
2018,5,4,18,0,0,1,1,22.84,128.2,31.56,227.1,45.89,213.5,MTWA,2112,0,0
2018,5,4,18,0,0,1,1,23.94,125.3,33.35,224.4,46.7,209.5,MTWA,2117,0,0
2018,5,4,18,0,0,1,1,24.87,122.5,34.94,221.7,47.28,205.6,MTWA,2121,0,0
2018,5,4,18,0,0,1,1,25.65,119.8,36.34,219,47.63,201.8,MTWA,2125,0,0
2018,5,4,18,0,0,1,1,26.15,117.2,37.42,216.4,47.69,198.3,MTWA,2130,0,0
2018,5,4,18,0,0,1,1,26.52,114.8,38.32,213.8,47.57,195,MTWA,2134,0,0
2018,5,4,18,0,0,1,1,26.77,112.4,39.06,211.3,47.31,191.9,MTWA,2138,0,0
2018,5,4,18,0,0,1,1,26.96,110.1,39.73,208.7,46.95,188.9,MTWA,2142,0,0
2018,5,4,18,0,0,1,1,26.96,107.9,40.15,206.3,46.43,186.2,MTWA,2147,0,0
2018,5,4,18,0,0,1,1,26.91,105.9,40.49,203.9,45.85,183.7,MTWA,2151,0,0
2018,5,4,18,0,0,1,1,26.77,103.9,40.7,201.7,45.18,181.4,MTWA,2155,0,0
2018,5,4,18,0,0,1,1,26.54,102.1,40.78,199.5,44.45,179.3,MTWA,2160,0,0
2018,5,4,18,0,0,1,1,26.27,100.3,40.8,197.4,43.67,177.3,MTWA,2164,0,0
2018,5,4,18,0,0,1,1,25.94,98.65,40.72,195.3,42.85,175.6,MTWA,2168,0,0
2018,5,4,18,0,0,1,1,25.57,97.05,40.59,193.4,42.01,173.9,MTWA,2172,0,0
2018,5,4,18,0,0,1,1,25.15,95.54,40.38,191.5,41.15,172.4,MTWA,2177,0,0
2018,5,4,18,0,0,1,1,24.7,94.13,40.11,189.8,40.27,171,MTWA,2181,0,0
2018,5,4,18,0,0,1,1,24.23,92.76,39.81,188.1,39.38,169.7,MTWA,2185,0,0
2018,5,4,18,0,0,1,1,23.74,91.47,39.46,186.5,38.49,168.5,MTWA,2190,0,0
2018,5,4,18,0,0,1,1,23.22,90.21,39.08,184.9,37.59,167.4,MTWA,2194,0,0
2018,5,4,18,0,0,1,1,22.69,89.04,38.67,183.5,36.7,166.4,MTWA,2198,0,0
2018,5,4,18,0,0,1,1,22.15,87.9,38.23,182.1,35.81,165.4,MTWA,2202,0,0
2018,5,4,18,0,0,1,1,21.61,86.84,37.78,180.8,34.93,164.6,MTWA,2207,0,0
2018,5,4,18,0,0,1,1,21.06,85.82,37.31,179.5,34.07,163.8,MTWA,2211,0,0
2018,5,4,18,0,0,1,1,20.5,84.8,36.82,178.3,33.19,163,MTWA,2215,0,0
2018,5,4,18,0,0,1,1,19.94,83.85,36.33,177.1,32.34,162.2,MTWA,2220,0,0
2018,5,4,18,0,0,1,1,19.4,82.97,35.85,176.1,31.53,161.6,MTWA,2224,0,0
2018,5,4,18,0,0,1,1,18.85,82.08,35.34,175,30.69,160.9,MTWA,2228,0,0
2018,5,4,18,0,0,1,1,18.32,81.25,34.85,174,29.9,160.3,MTWA,2232,0,0
2018,5,4,18,0,0,1,1,17.76,80.41,34.33,173,29.09,159.7,MTWA,2237,0,0
2018,5,4,18,0,0,1,1,17.23,79.63,33.84,172.1,28.31,159.1,MTWA,2241,0,0
2018,5,4,18,0,0,1,1,16.71,78.86,33.34,171.2,27.55,158.6,MTWA,2245,0,0
2018,5,4,18,0,0,1,1,16.21,78.16,32.86,170.3,26.83,158.1,MTWA,2250,0,0
2018,5,4,18,0,0,1,1,15.7,77.43,32.37,169.5,26.08,157.6,MTWA,2254,0,0
2018,5,4,18,0,0,1,1,15.21,76.75,31.9,168.7,25.38,157.1,MTWA,2258,0,0
2018,5,4,18,0,0,1,1,14.73,76.09,31.43,167.9,24.7,156.7,MTWA,2262,0,0
2018,5,4,18,0,0,1,1,14.26,75.45,30.97,167.2,24.03,156.3,MTWA,2267,0,0
2018,5,4,18,0,0,1,1,13.8,74.82,30.52,166.5,23.36,155.8,MTWA,2271,0,0
2018,5,4,18,0,0,1,1,13.34,74.2,30.07,165.8,22.71,155.4,MTWA,2275,0,0
2018,5,4,18,0,0,1,1,12.89,73.6,29.62,165.1,22.07,155,MTWA,2280,0,0
2018,5,4,18,0,0,1,1,12.49,73.05,29.21,164.5,21.49,154.7,MTWA,2284,0,0
2018,5,4,18,0,0,1,1,12.05,72.47,28.78,163.9,20.87,154.3,MTWA,2288,0,0
2018,5,4,18,0,0,1,1,11.66,71.94,28.38,163.3,20.31,153.9,MTWA,2292,0,0
2018,5,4,18,0,0,1,1,11.24,71.38,27.96,162.6,19.71,153.6,MTWA,2297,0,0
2018,5,4,18,0,0,1,1,10.86,70.88,27.58,162.1,19.17,153.3,MTWA,2301,0,0
2018,5,4,18,0,0,1,1,10.5,70.38,27.2,161.5,18.64,152.9,MTWA,2305,0,0
2018,5,4,18,0,0,1,1,10.14,69.89,26.83,161,18.13,152.6,MTWA,2310,0,0
2018,5,4,18,0,0,1,1,9.786,69.42,26.47,160.5,17.62,152.3,MTWA,2314,0,0
2018,5,4,18,0,0,1,1,9.402,68.91,26.08,160,17.08,152,MTWA,2318,0,0
2018,5,4,18,0,0,1,1,9.105,68.5,25.77,159.5,16.64,151.7,MTWA,2322,0,0
2018,5,4,18,0,0,1,1,8.776,68.05,25.43,159,16.17,151.4,MTWA,2327,0,0
2018,5,4,18,0,0,1,1,8.454,67.61,25.1,158.6,15.7,151.1,MTWA,2331,0,0
2018,5,4,18,0,0,1,1,8.139,67.18,24.77,158.1,15.25,150.8,MTWA,2335,0,0
2018,5,4,18,0,0,1,1,7.831,66.76,24.45,157.7,14.8,150.6,MTWA,2340,0,0
2018,5,4,18,0,0,1,1,7.529,66.35,24.13,157.2,14.37,150.3,MTWA,2344,0,0
2018,5,4,18,0,0,1,1,7.276,65.99,23.86,156.8,13.99,150.1,MTWA,2348,0,0
2018,5,4,18,0,0,1,1,6.988,65.59,23.56,156.4,13.57,149.8,MTWA,2352,0,0
2018,5,4,18,0,0,1,1,6.704,65.2,23.26,156,13.16,149.5,MTWA,2357,0,0
2018,5,4,18,0,0,1,1,6.472,64.86,23.01,155.7,12.82,149.3,MTWA,2361,0,0
2018,5,4,18,0,0,1,1,6.2,64.49,22.72,155.3,12.42,149.1,MTWA,2365,0,0
2018,5,4,18,0,0,1,1,5.979,64.17,22.49,154.9,12.09,148.9,MTWA,2370,0,0
2018,5,4,18,0,0,1,1,5.718,63.81,22.21,154.6,11.72,148.6,MTWA,2374,0,0
2018,5,4,18,0,0,1,1,5.508,63.5,21.98,154.2,11.4,148.4,MTWA,2378,0,0
2018,5,4,18,0,0,1,1,5.257,63.15,21.72,153.9,11.04,148.2,MTWA,2382,0,0
2018,5,4,18,0,0,1,1,5.056,62.86,21.5,153.6,10.74,148,MTWA,2387,0,0
2018,5,4,18,0,0,1,1,4.815,62.53,21.24,153.2,10.39,147.8,MTWA,2391,0,0
2018,5,4,18,0,0,1,1,4.624,62.24,21.03,153,10.1,147.6,MTWA,2395,0,0
2018,5,4,18,0,0,1,1,4.39,61.93,20.78,152.6,9.762,147.4,MTWA,2400,0,0
2018,5,4,18,0,0,1,1,4.208,61.66,20.58,152.4,9.489,147.2,MTWA,2404,0,0
2018,5,4,18,0,0,1,1,4.029,61.39,20.39,152.1,9.221,147.1,MTWA,2408,0,0
2018,5,4,18,0,0,1,1,3.806,61.09,20.15,151.8,8.9,146.9,MTWA,2412,0,0
2018,5,4,18,0,0,1,1,3.635,60.84,19.96,151.5,8.644,146.7,MTWA,2417,0,0
2018,5,4,18,0,0,1,1,3.467,60.6,19.78,151.3,8.393,146.5,MTWA,2421,0,0
2018,5,4,18,0,0,1,1,3.254,60.31,19.54,151,8.087,146.4,MTWA,2425,0,0
2018,5,4,18,0,0,1,1,3.092,60.08,19.37,150.8,7.846,146.2,MTWA,2430,0,0
2018,5,4,18,0,0,1,1,2.933,59.85,19.19,150.5,7.61,146.1,MTWA,2434,0,0
2018,5,4,18,0,0,1,1,2.776,59.62,19.02,150.3,7.378,145.9,MTWA,2438,0,0
2018,5,4,18,0,0,1,1,2.574,59.36,18.8,150,7.09,145.7,MTWA,2442,0,0
2018,5,4,18,0,0,1,1,2.422,59.15,18.63,149.8,6.866,145.6,MTWA,2447,0,0
2018,5,4,18,0,0,1,1,2.273,58.94,18.47,149.6,6.647,145.5,MTWA,2451,0,0
2018,5,4,18,0,0,1,1,2.125,58.73,18.31,149.4,6.431,145.3,MTWA,2455,0,0
2018,5,4,18,0,0,1,1,1.931,58.49,18.09,149.2,6.158,145.2,MTWA,2460,0,0
2018,5,4,18,0,0,1,1,1.788,58.3,17.94,149,5.949,145.1,MTWA,2464,0,0
2018,5,4,18,0,0,1,1,1.645,58.11,17.78,148.8,5.743,145,MTWA,2468,0,0
2018,5,4,18,0,0,1,1,1.505,57.92,17.63,148.6,5.54,144.8,MTWA,2472,0,0
2018,5,4,18,0,0,1,1,1.366,57.74,17.47,148.4,5.34,144.7,MTWA,2477,0,0
2018,5,4,18,0,0,1,1,1.178,57.52,17.27,148.2,5.081,144.6,MTWA,2481,0,0
2018,5,4,18,0,0,1,1,1.042,57.34,17.12,148,4.886,144.5,MTWA,2485,0,0
2018,5,4,18,0,0,1,1,0.9058,57.17,16.97,147.9,4.694,144.4,MTWA,2490,0,0
2018,5,4,18,0,0,1,1,0.7711,57,16.82,147.7,4.503,144.3,MTWA,2494,0,0
2018,5,4,18,0,0,1,1,0.6368,56.83,16.67,147.6,4.315,144.2,MTWA,2498,0,0
2018,5,4,18,0,0,1,1,0.5036,56.67,16.52,147.4,4.129,144.1,MTWA,2502,0,0
2018,5,4,18,0,0,1,1,0.3706,56.51,16.38,147.2,3.944,144,MTWA,2507,0,0
2018,5,4,18,0,0,1,1,0.1884,56.32,16.18,147.1,3.699,143.9,MTWA,2511,0,0
2018,5,4,18,0,0,1,1,0.05627,56.16,16.04,146.9,3.518,143.8,MTWA,2515,0,0
2018,5,4,18,0,0,1,1,-0.07523,56.01,15.89,146.8,3.338,143.7,MTWA,2520,0,0
2018,5,4,18,0,0,1,1,-0.2065,55.87,15.75,146.6,3.159,143.6,MTWA,2524,0,0
2018,5,4,18,0,0,1,1,-0.338,55.72,15.6,146.5,2.982,143.5,MTWA,2528,0,0
2018,5,4,18,0,0,1,1,-0.469,55.58,15.46,146.4,2.805,143.5,MTWA,2532,0,0
2018,5,4,18,0,0,1,1,-0.6005,55.44,15.32,146.2,2.629,143.4,MTWA,2537,0,0
2018,5,4,18,0,0,1,1,-0.7822,55.26,15.12,146.1,2.392,143.3,MTWA,2541,0,0
2018,5,4,18,0,0,1,1,-0.9139,55.13,14.98,145.9,2.217,143.2,MTWA,2545,0,0
2018,5,4,18,0,0,1,1,-1.045,54.99,14.83,145.8,2.044,143.1,MTWA,2550,0,0
2018,5,4,18,0,0,1,1,-1.177,54.86,14.69,145.7,1.871,143.1,MTWA,2554,0,0
2018,5,4,18,0,0,1,1,-1.31,54.73,14.55,145.6,1.697,143,MTWA,2558,0,0
2018,5,4,18,0,0,1,1,-1.443,54.6,14.4,145.4,1.525,142.9,MTWA,2562,0,0
2018,5,4,18,0,0,1,1,-1.576,54.48,14.26,145.3,1.352,142.9,MTWA,2567,0,0
2018,5,4,18,0,0,1,1,-1.709,54.35,14.11,145.2,1.18,142.8,MTWA,2571,0,0
2018,5,4,18,0,0,1,1,-1.895,54.19,13.91,145.1,0.9447,142.7,MTWA,2575,0,0
2018,5,4,18,0,0,1,1,-2.03,54.06,13.76,144.9,0.7724,142.7,MTWA,2579,0,0
2018,5,4,18,0,0,1,1,-2.165,53.94,13.62,144.8,0.6,142.6,MTWA,2584,0,0
2018,5,4,18,0,0,1,1,-2.301,53.82,13.47,144.7,0.4271,142.6,MTWA,2588,0,0
2018,5,4,18,0,0,1,1,-2.438,53.7,13.32,144.6,0.2542,142.5,MTWA,2592,0,0
2018,5,4,18,0,0,1,1,-2.576,53.58,13.17,144.5,0.08052,142.5,MTWA,2597,0,0
2018,5,4,18,0,0,1,1,-2.714,53.46,13.02,144.4,-0.09314,142.4,MTWA,2601,0,0
2018,5,4,18,0,0,1,1,-2.854,53.35,12.87,144.3,-0.2677,142.3,MTWA,2605,0,0
2018,5,4,18,0,0,1,1,-3.045,53.19,12.67,144.2,-0.5057,142.3,MTWA,2609,0,0
2018,5,4,18,0,0,1,1,-3.185,53.07,12.52,144,-0.6809,142.2,MTWA,2614,0,0
2018,5,4,18,0,0,1,1,-3.327,52.95,12.36,143.9,-0.8572,142.2,MTWA,2618,0,0
2018,5,4,18,0,0,1,1,-3.469,52.84,12.21,143.8,-1.034,142.1,MTWA,2622,0,0
2018,5,4,18,0,0,1,1,-3.613,52.72,12.06,143.7,-1.211,142.1,MTWA,2627,0,0
2018,5,4,18,0,0,1,1,-3.757,52.61,11.9,143.6,-1.389,142,MTWA,2631,0,0
2018,5,4,18,0,0,1,1,-3.902,52.49,11.74,143.5,-1.569,142,MTWA,2635,0,0
2018,5,4,18,0,0,1,1,-4.1,52.33,11.53,143.4,-1.812,141.9,MTWA,2639,0,0
2018,5,4,18,0,0,1,1,-4.246,52.22,11.37,143.3,-1.992,141.9,MTWA,2644,0,0
2018,5,4,18,0,0,1,1,-4.394,52.1,11.21,143.2,-2.174,141.8,MTWA,2648,0,0
2018,5,4,18,0,0,1,1,-4.542,51.98,11.06,143.1,-2.356,141.8,MTWA,2652,0,0
2018,5,4,18,0,0,1,1,-4.691,51.87,10.89,143,-2.54,141.7,MTWA,2657,0,0
2018,5,4,18,0,0,1,1,-4.841,51.75,10.73,142.9,-2.724,141.7,MTWA,2661,0,0
2018,5,4,18,0,0,1,1,-4.992,51.63,10.57,142.8,-2.909,141.6,MTWA,2665,0,0
2018,5,4,18,0,0,1,1,-5.196,51.47,10.35,142.6,-3.159,141.6,MTWA,2669,0,0
2018,5,4,18,0,0,1,1,-5.348,51.35,10.19,142.5,-3.346,141.5,MTWA,2674,0,0
2018,5,4,18,0,0,1,1,-5.501,51.23,10.02,142.4,-3.534,141.5,MTWA,2678,0,0
2018,5,4,18,0,0,1,1,-5.655,51.11,9.856,142.3,-3.723,141.4,MTWA,2682,0,0
2018,5,4,18,0,0,1,1,-5.809,50.99,9.689,142.2,-3.913,141.4,MTWA,2687,0,0
2018,5,4,18,0,0,1,1,-5.964,50.87,9.521,142.1,-4.104,141.3,MTWA,2691,0,0
2018,5,4,18,0,0,1,1,-6.172,50.7,9.296,142,-4.36,141.2,MTWA,2695,0,0
2018,5,4,18,0,0,1,1,-6.328,50.58,9.127,141.9,-4.552,141.2,MTWA,2699,0,0
2018,5,4,18,0,0,1,1,-6.485,50.45,8.958,141.8,-4.746,141.1,MTWA,2704,0,0
2018,5,4,18,0,0,1,1,-6.642,50.32,8.787,141.7,-4.94,141.1,MTWA,2708,0,0
2018,5,4,18,0,0,1,1,-6.8,50.19,8.616,141.5,-5.135,141,MTWA,2712,0,0
2018,5,4,18,0,0,1,1,-7.01,50.02,8.388,141.4,-5.396,141,MTWA,2717,0,0
2018,5,4,18,0,0,1,1,-7.169,49.89,8.216,141.3,-5.593,140.9,MTWA,2721,0,0
2018,5,4,18,0,0,1,1,-7.327,49.76,8.043,141.2,-5.791,140.8,MTWA,2725,0,0
2018,5,4,18,0,0,1,1,-7.486,49.63,7.87,141.1,-5.989,140.8,MTWA,2729,0,0
2018,5,4,18,0,0,1,1,-7.645,49.49,7.696,140.9,-6.188,140.7,MTWA,2734,0,0
2018,5,4,18,0,0,1,1,-7.857,49.32,7.465,140.8,-6.453,140.7,MTWA,2738,0,0
2018,5,4,18,0,0,1,1,-8.017,49.18,7.291,140.7,-6.654,140.6,MTWA,2742,0,0
2018,5,4,18,0,0,1,1,-8.176,49.04,7.116,140.6,-6.855,140.5,MTWA,2747,0,0
2018,5,4,18,0,0,1,1,-8.336,48.9,6.942,140.4,-7.057,140.5,MTWA,2751,0,0
2018,5,4,18,0,0,1,1,-8.495,48.76,6.766,140.3,-7.26,140.4,MTWA,2755,0,0
2018,5,4,18,0,0,1,1,-8.707,48.57,6.534,140.2,-7.527,140.3,MTWA,2759,0,0
2018,5,4,18,0,0,1,1,-8.866,48.43,6.359,140,-7.73,140.3,MTWA,2764,0,0
2018,5,4,18,0,0,1,1,-9.025,48.28,6.184,139.9,-7.934,140.2,MTWA,2768,0,0
2018,5,4,18,0,0,1,1,-9.184,48.13,6.008,139.8,-8.138,140.1,MTWA,2772,0,0
2018,5,4,18,0,0,1,1,-9.343,47.98,5.833,139.7,-8.343,140,MTWA,2777,0,0
2018,5,4,18,0,0,1,1,-9.552,47.79,5.601,139.5,-8.612,139.9,MTWA,2781,0,0
2018,5,4,18,0,0,1,1,-9.71,47.63,5.425,139.4,-8.817,139.9,MTWA,2785,0,0
2018,5,4,18,0,0,1,1,-9.867,47.48,5.251,139.2,-9.022,139.8,MTWA,2789,0,0
2018,5,4,18,0,0,1,1,-10.02,47.32,5.076,139.1,-9.228,139.7,MTWA,2794,0,0
2018,5,4,18,0,0,1,1,-10.23,47.12,4.845,138.9,-9.498,139.6,MTWA,2798,0,0
2018,5,4,18,0,0,1,1,-10.39,46.96,4.671,138.8,-9.703,139.5,MTWA,2802,0,0
2018,5,4,18,0,0,1,1,-10.54,46.8,4.497,138.6,-9.909,139.4,MTWA,2807,0,0
2018,5,4,18,0,0,1,1,-10.7,46.64,4.324,138.5,-10.11,139.4,MTWA,2811,0,0
2018,5,4,18,0,0,1,1,-10.85,46.47,4.152,138.4,-10.32,139.3,MTWA,2815,0,0
2018,5,4,18,0,0,1,1,-11.05,46.26,3.923,138.2,-10.59,139.2,MTWA,2819,0,0
2018,5,4,18,0,0,1,1,-11.2,46.09,3.752,138,-10.79,139.1,MTWA,2824,0,0
2018,5,4,18,0,0,1,1,-11.35,45.92,3.581,137.9,-11,139,MTWA,2828,0,0
2018,5,4,18,0,0,1,1,-11.5,45.75,3.411,137.8,-11.2,138.9,MTWA,2832,0,0
2018,5,4,18,0,0,1,1,-11.7,45.54,3.186,137.6,-11.47,138.8,MTWA,2837,0,0
2018,5,4,18,0,0,1,1,-11.85,45.36,3.018,137.4,-11.67,138.7,MTWA,2841,0,0
2018,5,4,18,0,0,1,1,-11.99,45.19,2.85,137.3,-11.88,138.6,MTWA,2845,0,0
2018,5,4,18,0,0,1,1,-12.14,45.01,2.684,137.1,-12.08,138.5,MTWA,2849,0,0
2018,5,4,18,0,0,1,1,-12.33,44.78,2.462,136.9,-12.35,138.3,MTWA,2854,0,0
2018,5,4,18,0,0,1,1,-12.47,44.6,2.298,136.8,-12.55,138.2,MTWA,2858,0,0
2018,5,4,18,0,0,1,1,-12.61,44.42,2.134,136.6,-12.75,138.1,MTWA,2862,0,0
2018,5,4,18,0,0,1,1,-12.75,44.24,1.972,136.5,-12.95,138,MTWA,2867,0,0
2018,5,4,18,0,0,1,1,-12.94,44.01,1.755,136.3,-13.21,137.9,MTWA,2871,0,0
2018,5,4,18,0,0,1,1,-13.07,43.82,1.595,136.1,-13.41,137.8,MTWA,2875,0,0
2018,5,4,18,0,0,1,1,-13.21,43.63,1.436,135.9,-13.61,137.7,MTWA,2879,0,0
2018,5,4,18,0,0,1,1,-13.34,43.44,1.279,135.8,-13.8,137.5,MTWA,2884,0,0
2018,5,4,18,0,0,1,1,-13.47,43.25,1.122,135.6,-14,137.4,MTWA,2888,0,0
2018,5,4,18,0,0,1,1,-13.65,43.02,0.9127,135.4,-14.25,137.3,MTWA,2892,0,0
2018,5,4,18,0,0,1,1,-13.78,42.82,0.7589,135.2,-14.45,137.2,MTWA,2897,0,0
2018,5,4,18,0,0,1,1,-13.91,42.63,0.6069,135.1,-14.64,137,MTWA,2901,0,0
2018,5,4,18,0,0,1,1,-14.03,42.43,0.4559,134.9,-14.83,136.9,MTWA,2905,0,0
2018,5,4,18,0,0,1,1,-14.2,42.19,0.2525,134.7,-15.08,136.8,MTWA,2909,0,0
2018,5,4,18,0,0,1,1,-14.32,41.99,0.1049,134.5,-15.27,136.6,MTWA,2914,0,0
2018,5,4,18,0,0,1,1,-14.44,41.79,-0.04153,134.3,-15.46,136.5,MTWA,2918,0,0
2018,5,4,18,0,0,1,1,-14.56,41.59,-0.1861,134.2,-15.65,136.4,MTWA,2922,0,0
2018,5,4,18,0,0,1,1,-14.72,41.34,-0.3832,134,-15.89,136.2,MTWA,2927,0,0
2018,5,4,18,0,0,1,1,-14.83,41.14,-0.5245,133.8,-16.08,136.1,MTWA,2931,0,0
2018,5,4,18,0,0,1,1,-14.94,40.94,-0.6646,133.6,-16.26,135.9,MTWA,2935,0,0
2018,5,4,18,0,0,1,1,-15.05,40.74,-0.8027,133.4,-16.44,135.8,MTWA,2939,0,0
2018,5,4,18,0,0,1,1,-15.21,40.48,-0.9924,133.2,-16.68,135.6,MTWA,2944,0,0
2018,5,4,18,0,0,1,1,-15.31,40.28,-1.127,133,-16.86,135.5,MTWA,2948,0,0
2018,5,4,18,0,0,1,1,-15.42,40.07,-1.26,132.9,-17.03,135.3,MTWA,2952,0,0
2018,5,4,18,0,0,1,1,-15.56,39.82,-1.445,132.6,-17.27,135.2,MTWA,2957,0,0
2018,5,4,18,0,0,1,1,-15.66,39.61,-1.574,132.4,-17.44,135,MTWA,2961,0,0
2018,5,4,18,0,0,1,1,-15.76,39.4,-1.703,132.3,-17.62,134.9,MTWA,2965,0,0
2018,5,4,18,0,0,1,1,-15.85,39.19,-1.829,132.1,-17.78,134.7,MTWA,2969,0,0
2018,5,4,18,0,0,1,1,-15.99,38.93,-2.005,131.9,-18.01,134.5,MTWA,2974,0,0
2018,5,4,18,0,0,1,1,-16.08,38.72,-2.128,131.7,-18.18,134.4,MTWA,2978,0,0
2018,5,4,18,0,0,1,1,-16.17,38.51,-2.249,131.5,-18.34,134.2,MTWA,2982,0,0
2018,5,4,18,0,0,1,1,-16.26,38.3,-2.369,131.3,-18.51,134.1,MTWA,2986,0,0
2018,5,4,18,0,0,1,1,-16.39,38.04,-2.537,131.1,-18.73,133.9,MTWA,2991,0,0
2018,5,4,18,0,0,1,1,-16.47,37.83,-2.653,130.9,-18.89,133.7,MTWA,2995,0,0
2018,5,4,18,0,0,1,1,-16.55,37.62,-2.767,130.7,-19.05,133.6,MTWA,2999,0,0
2018,5,4,18,0,0,1,1,-16.63,37.41,-2.879,130.5,-19.2,133.4,MTWA,3004,0,0
2018,5,4,18,0,0,1,1,-16.75,37.15,-3.04,130.3,-19.42,133.2,MTWA,3008,0,0
2018,5,4,18,0,0,1,1,-16.83,36.93,-3.149,130.1,-19.57,133.1,MTWA,3012,0,0
2018,5,4,18,0,0,1,1,-16.9,36.72,-3.256,129.9,-19.72,132.9,MTWA,3016,0,0
2018,5,4,18,0,0,1,1,-16.97,36.51,-3.361,129.7,-19.87,132.7,MTWA,3021,0,0
2018,5,4,18,0,0,1,1,-17.09,36.25,-3.515,129.5,-20.08,132.5,MTWA,3025,0,0
2018,5,4,18,0,0,1,1,-17.15,36.04,-3.616,129.3,-20.22,132.4,MTWA,3029,0,0
2018,5,4,18,0,0,1,1,-17.22,35.82,-3.716,129.1,-20.37,132.2,MTWA,3034,0,0
2018,5,4,18,0,0,1,1,-17.28,35.61,-3.814,128.9,-20.51,132,MTWA,3038,0,0
2018,5,4,18,0,0,1,1,-17.39,35.35,-3.96,128.7,-20.71,131.8,MTWA,3042,0,0
2018,5,4,18,0,0,1,1,-17.45,35.14,-4.055,128.5,-20.85,131.7,MTWA,3046,0,0
2018,5,4,18,0,0,1,1,-17.5,34.93,-4.148,128.3,-20.98,131.5,MTWA,3051,0,0
2018,5,4,18,0,0,1,1,-17.56,34.71,-4.24,128.1,-21.12,131.3,MTWA,3055,0,0
2018,5,4,18,0,0,1,1,-17.66,34.45,-4.378,127.9,-21.31,131.1,MTWA,3059,0,0
2018,5,4,18,0,0,1,1,-17.71,34.24,-4.466,127.7,-21.44,131,MTWA,3064,0,0
2018,5,4,18,0,0,1,1,-17.76,34.03,-4.553,127.5,-21.57,130.8,MTWA,3068,0,0
2018,5,4,18,0,0,1,1,-17.81,33.82,-4.638,127.3,-21.7,130.6,MTWA,3072,0,0
2018,5,4,18,0,0,1,1,-17.9,33.56,-4.77,127.1,-21.88,130.4,MTWA,3076,0,0
2018,5,4,18,0,0,1,1,-17.94,33.35,-4.851,126.9,-22.01,130.2,MTWA,3081,0,0
2018,5,4,18,0,0,1,1,-17.99,33.14,-4.932,126.7,-22.13,130.1,MTWA,3085,0,0
2018,5,4,18,0,0,1,1,-18.03,32.93,-5.01,126.6,-22.25,129.9,MTWA,3089,0,0
2018,5,4,18,0,0,1,1,-18.11,32.67,-5.135,126.3,-22.43,129.7,MTWA,3094,0,0
2018,5,4,18,0,0,1,1,-18.15,32.47,-5.211,126.1,-22.54,129.5,MTWA,3098,0,0
2018,5,4,18,0,0,1,1,-18.19,32.26,-5.285,126,-22.66,129.3,MTWA,3102,0,0
2018,5,4,18,0,0,1,1,-18.22,32.06,-5.358,125.8,-22.77,129.2,MTWA,3106,0,0
2018,5,4,18,0,0,1,1,-18.3,31.8,-5.476,125.5,-22.94,128.9,MTWA,3111,0,0
2018,5,4,18,0,0,1,1,-18.33,31.59,-5.546,125.4,-23.05,128.8,MTWA,3115,0,0
2018,5,4,18,0,0,1,1,-18.36,31.39,-5.615,125.2,-23.16,128.6,MTWA,3119,0,0
2018,5,4,18,0,0,1,1,-18.39,31.19,-5.682,125,-23.27,128.4,MTWA,3124,0,0
2018,5,4,18,0,0,1,1,-18.46,30.93,-5.795,124.8,-23.43,128.2,MTWA,3128,0,0
2018,5,4,18,0,0,1,1,-18.49,30.73,-5.859,124.6,-23.54,128,MTWA,3132,0,0
2018,5,4,18,0,0,1,1,-18.52,30.53,-5.923,124.4,-23.64,127.9,MTWA,3136,0,0
2018,5,4,18,0,0,1,1,-18.54,30.34,-5.985,124.2,-23.74,127.7,MTWA,3141,0,0
2018,5,4,18,0,0,1,1,-18.6,30.08,-6.092,124,-23.9,127.5,MTWA,3145,0,0
2018,5,4,18,0,0,1,1,-18.63,29.89,-6.151,123.8,-24,127.3,MTWA,3149,0,0
2018,5,4,18,0,0,1,1,-18.65,29.69,-6.21,123.6,-24.09,127.1,MTWA,3154,0,0
2018,5,4,18,0,0,1,1,-18.67,29.49,-6.267,123.5,-24.19,126.9,MTWA,3158,0,0
2018,5,4,18,0,0,1,1,-18.69,29.3,-6.324,123.3,-24.28,126.8,MTWA,3162,0,0
2018,5,4,18,0,0,1,1,-18.71,29.11,-6.379,123.1,-24.38,126.6,MTWA,3166,0,0
2018,5,4,18,0,0,1,1,-18.69,28.97,-6.389,123,-24.42,126.5,MTWA,3171,0,0
2018,5,4,18,0,0,1,1,-18.68,28.83,-6.399,122.8,-24.46,126.3,MTWA,3175,0,0
2018,5,4,18,0,0,1,1,-18.66,28.7,-6.409,122.7,-24.49,126.2,MTWA,3179,0,0
2018,5,4,18,0,0,1,1,-18.64,28.56,-6.418,122.6,-24.53,126,MTWA,3184,0,0
2018,5,4,18,0,0,1,1,-18.62,28.43,-6.427,122.5,-24.57,125.9,MTWA,3188,0,0
2018,5,4,18,0,0,1,1,-18.61,28.3,-6.436,122.3,-24.6,125.8,MTWA,3192,0,0
2018,5,4,18,0,0,1,1,-18.62,28.11,-6.486,122.2,-24.69,125.6,MTWA,3196,0,0
2018,5,4,18,0,0,1,1,-18.6,27.98,-6.494,122,-24.73,125.5,MTWA,3201,0,0
2018,5,4,18,0,0,1,1,-18.58,27.85,-6.501,121.9,-24.76,125.3,MTWA,3205,0,0
2018,5,4,18,0,0,1,1,-18.57,27.72,-6.509,121.8,-24.79,125.2,MTWA,3209,0,0
2018,5,4,18,0,0,1,1,-18.55,27.59,-6.516,121.7,-24.83,125.1,MTWA,3214,0,0
2018,5,4,18,0,0,1,1,-18.53,27.46,-6.523,121.5,-24.86,124.9,MTWA,3218,0,0
2018,5,4,18,0,0,1,1,-18.51,27.33,-6.53,121.4,-24.89,124.8,MTWA,3222,0,0
2018,5,4,18,0,0,1,1,-18.52,27.15,-6.575,121.2,-24.97,124.7,MTWA,3226,0,0
2018,5,4,18,0,0,1,1,-18.5,27.03,-6.581,121.1,-25,124.5,MTWA,3231,0,0
2018,5,4,18,0,0,1,1,-18.48,26.9,-6.587,121,-25.04,124.4,MTWA,3235,0,0
2018,5,4,18,0,0,1,1,-18.46,26.78,-6.592,120.9,-25.07,124.3,MTWA,3239,0,0
2018,5,4,18,0,0,1,1,-18.44,26.66,-6.598,120.8,-25.1,124.1,MTWA,3244,0,0
2018,5,4,18,0,0,1,1,-18.45,26.49,-6.64,120.6,-25.17,124,MTWA,3248,0,0
2018,5,4,18,0,0,1,1,-18.43,26.36,-6.645,120.5,-25.2,123.9,MTWA,3252,0,0
2018,5,4,18,0,0,1,1,-18.41,26.24,-6.65,120.4,-25.23,123.7,MTWA,3256,0,0
2018,5,4,18,0,0,1,1,-18.39,26.13,-6.655,120.3,-25.26,123.6,MTWA,3261,0,0
2018,5,4,18,0,0,1,1,-18.37,26.01,-6.659,120.1,-25.29,123.5,MTWA,3265,0,0
2018,5,4,18,0,0,1,1,-18.38,25.84,-6.699,120,-25.36,123.3,MTWA,3269,0,0
2018,5,4,18,0,0,1,1,-18.36,25.73,-6.703,119.9,-25.38,123.2,MTWA,3274,0,0
2018,5,4,18,0,0,1,1,-18.34,25.61,-6.708,119.8,-25.41,123.1,MTWA,3278,0,0
2018,5,4,18,0,0,1,1,-18.32,25.5,-6.712,119.7,-25.44,123,MTWA,3282,0,0
2018,5,4,18,0,0,1,1,-18.3,25.39,-6.716,119.5,-25.46,122.9,MTWA,3286,0,0
2018,5,4,18,0,0,1,1,-18.31,25.23,-6.753,119.4,-25.53,122.7,MTWA,3291,0,0
2018,5,4,18,0,0,1,1,-18.29,25.12,-6.757,119.3,-25.55,122.6,MTWA,3295,0,0
2018,5,4,18,0,0,1,1,-18.27,25.01,-6.761,119.2,-25.58,122.5,MTWA,3299,0,0
2018,5,4,18,0,0,1,1,-18.25,24.9,-6.764,119.1,-25.6,122.4,MTWA,3304,0,0
2018,5,4,18,0,0,1,1,-18.25,24.75,-6.8,118.9,-25.67,122.2,MTWA,3308,0,0
2018,5,4,18,0,0,1,1,-18.24,24.64,-6.804,118.8,-25.69,122.1,MTWA,3312,0,0
2018,5,4,18,0,0,1,1,-18.22,24.54,-6.807,118.7,-25.71,122,MTWA,3316,0,0
2018,5,4,18,0,0,1,1,-18.2,24.43,-6.81,118.6,-25.74,121.9,MTWA,3321,0,0
2018,5,4,18,0,0,1,1,-18.2,24.28,-6.845,118.5,-25.8,121.8,MTWA,3325,0,0
2018,5,4,18,0,0,1,1,-18.18,24.18,-6.848,118.4,-25.82,121.7,MTWA,3329,0,0
2018,5,4,18,0,0,1,1,-18.17,24.08,-6.852,118.3,-25.84,121.5,MTWA,3334,0,0
2018,5,4,18,0,0,1,1,-18.17,23.94,-6.886,118.2,-25.9,121.4,MTWA,3338,0,0
2018,5,4,18,0,0,1,1,-18.15,23.84,-6.889,118.1,-25.92,121.3,MTWA,3342,0,0
2018,5,4,18,0,0,1,1,-18.13,23.74,-6.892,118,-25.95,121.2,MTWA,3346,0,0
2018,5,4,18,0,0,1,1,-18.12,23.65,-6.895,117.9,-25.97,121.1,MTWA,3351,0,0
2018,5,4,18,0,0,1,1,-18.12,23.51,-6.928,117.8,-26.02,121,MTWA,3355,0,0
2018,5,4,18,0,0,1,1,-18.1,23.41,-6.931,117.7,-26.04,120.9,MTWA,3359,0,0
2018,5,4,18,0,0,1,1,-18.09,23.32,-6.934,117.6,-26.06,120.8,MTWA,3364,0,0
2018,5,4,18,0,0,1,1,-18.09,23.18,-6.967,117.4,-26.12,120.6,MTWA,3368,0,0
2018,5,4,18,0,0,1,1,-18.08,23.09,-6.97,117.4,-26.14,120.5,MTWA,3372,0,0
2018,5,4,18,0,0,1,1,-18.06,23,-6.974,117.3,-26.16,120.5,MTWA,3376,0,0
2018,5,4,18,0,0,1,1,-18.06,22.87,-7.006,117.1,-26.22,120.3,MTWA,3381,0,0
2018,5,4,18,0,0,1,1,-18.05,22.78,-7.009,117.1,-26.23,120.2,MTWA,3385,0,0
2018,5,4,18,0,0,1,1,-18.05,22.65,-7.041,116.9,-26.29,120.1,MTWA,3389,0,0
2018,5,4,18,0,0,1,1,-18.04,22.57,-7.045,116.9,-26.31,120,MTWA,3394,0,0
2018,5,4,18,0,0,1,1,-18.02,22.48,-7.048,116.8,-26.33,119.9,MTWA,3398,0,0
2018,5,4,18,0,0,1,1,-18.03,22.36,-7.08,116.7,-26.38,119.8,MTWA,3402,0,0
2018,5,4,18,0,0,1,1,-18.01,22.28,-7.083,116.6,-26.4,119.7,MTWA,3406,0,0
2018,5,4,18,0,0,1,1,-18,22.2,-7.087,116.5,-26.41,119.6,MTWA,3411,0,0
2018,5,4,18,0,0,1,1,-18,22.07,-7.118,116.4,-26.47,119.5,MTWA,3415,0,0
2018,5,4,18,0,0,1,1,-17.99,21.99,-7.122,116.3,-26.48,119.4,MTWA,3419,0,0
2018,5,4,18,0,0,1,1,-18,21.87,-7.153,116.2,-26.54,119.3,MTWA,3423,0,0
2018,5,4,18,0,0,1,1,-17.98,21.8,-7.157,116.1,-26.55,119.2,MTWA,3428,0,0
2018,5,4,18,0,0,1,1,-17.97,21.72,-7.161,116.1,-26.57,119.2,MTWA,3432,0,0
2018,5,4,18,0,0,1,1,-17.98,21.6,-7.193,115.9,-26.62,119.1,MTWA,3436,0,0
2018,5,4,18,0,0,1,1,-17.97,21.53,-7.197,115.9,-26.64,119,MTWA,3441,0,0
2018,5,4,18,0,0,1,1,-17.97,21.42,-7.228,115.8,-26.69,118.9,MTWA,3445,0,0
2018,5,4,18,0,0,1,1,-17.96,21.35,-7.232,115.7,-26.7,118.8,MTWA,3449,0,0
2018,5,4,18,0,0,1,1,-17.97,21.23,-7.263,115.6,-26.75,118.7,MTWA,3453,0,0
2018,5,4,18,0,0,1,1,-17.96,21.16,-7.268,115.5,-26.77,118.6,MTWA,3458,0,0
2018,5,4,18,0,0,1,1,-17.96,21.05,-7.299,115.4,-26.82,118.5,MTWA,3462,0,0
2018,5,4,18,0,0,1,1,-17.95,20.99,-7.304,115.4,-26.83,118.4,MTWA,3466,0,0
2018,5,4,18,0,0,1,1,-17.96,20.88,-7.335,115.3,-26.88,118.3,MTWA,3471,0,0
2018,5,4,18,0,0,1,1,-17.95,20.81,-7.34,115.2,-26.9,118.3,MTWA,3475,0,0
2018,5,4,18,0,0,1,1,-17.94,20.75,-7.345,115.1,-26.91,118.2,MTWA,3479,0,0
2018,5,4,18,0,0,1,1,-17.95,20.64,-7.376,115,-26.96,118.1,MTWA,3483,0,0
2018,5,4,18,0,0,1,1,-17.94,20.58,-7.381,115,-26.98,118,MTWA,3488,0,0
2018,5,4,18,0,0,1,1,-17.95,20.48,-7.412,114.9,-27.03,117.9,MTWA,3492,0,0
2018,5,4,18,0,0,1,1,-17.94,20.42,-7.418,114.8,-27.04,117.9,MTWA,3496,0,0
2018,5,4,18,0,0,1,1,-17.95,20.32,-7.449,114.7,-27.09,117.8,MTWA,3501,0,0
2018,5,4,18,0,0,1,1,-17.95,20.26,-7.455,114.7,-27.1,117.7,MTWA,3505,0,0
2018,5,4,18,0,0,1,1,-17.96,20.16,-7.486,114.6,-27.15,117.6,MTWA,3509,0,0
2018,5,4,18,0,0,1,1,-17.95,20.1,-7.493,114.5,-27.16,117.6,MTWA,3513,0,0
2018,5,4,18,0,0,1,1,-17.96,20.01,-7.524,114.4,-27.21,117.5,MTWA,3518,0,0
2018,5,4,18,0,0,1,1,-17.97,19.91,-7.555,114.4,-27.26,117.4,MTWA,3522,0,0
2018,5,4,18,0,0,1,1,-17.96,19.86,-7.562,114.3,-27.27,117.3,MTWA,3526,0,0
2018,5,4,18,0,0,1,1,-17.97,19.76,-7.593,114.2,-27.32,117.3,MTWA,3531,0,0
2018,5,4,18,0,0,1,1,-17.97,19.71,-7.6,114.2,-27.33,117.2,MTWA,3535,0,0
2018,5,4,18,0,0,1,1,-17.98,19.62,-7.631,114.1,-27.38,117.1,MTWA,3539,0,0
2018,5,4,18,0,0,1,1,-17.98,19.57,-7.638,114,-27.39,117.1,MTWA,3543,0,0
2018,5,4,18,0,0,1,1,-17.99,19.48,-7.67,114,-27.44,117,MTWA,3548,0,0
2018,5,4,18,0,0,1,1,-17.99,19.43,-7.677,113.9,-27.45,116.9,MTWA,3552,0,0
2018,5,4,18,0,0,1,1,-18,19.34,-7.709,113.8,-27.5,116.8,MTWA,3556,0,0
2018,5,4,18,0,0,1,1,-17.99,19.29,-7.716,113.8,-27.51,116.8,MTWA,3561,0,0
2018,5,4,18,0,0,1,1,-18.01,19.21,-7.748,113.7,-27.56,116.7,MTWA,3565,0,0
2018,5,4,18,0,0,1,1,-18.02,19.12,-7.78,113.6,-27.6,116.6,MTWA,3569,0,0
2018,5,4,18,0,0,1,1,-18.02,19.08,-7.788,113.6,-27.62,116.6,MTWA,3573,0,0
2018,5,4,18,0,0,1,1,-18.03,18.99,-7.819,113.5,-27.66,116.5,MTWA,3578,0,0
2018,5,4,18,0,0,1,1,-18.03,18.95,-7.828,113.5,-27.67,116.5,MTWA,3582,0,0
2018,5,4,18,0,0,1,1,-18.04,18.86,-7.86,113.4,-27.72,116.4,MTWA,3586,0,0
2018,5,4,18,0,0,1,1,-18.06,18.78,-7.891,113.3,-27.76,116.3,MTWA,3591,0,0
2018,5,4,18,0,0,1,1,-18.06,18.74,-7.9,113.3,-27.78,116.3,MTWA,3595,0,0
2018,5,4,18,0,0,1,1,-18.07,18.66,-7.932,113.2,-27.82,116.2,MTWA,3599,0,0
2018,5,4,18,0,0,1,1,-18.07,18.62,-7.941,113.2,-27.84,116.2,MTWA,3603,0,0
2018,5,4,18,0,0,1,1,-18.09,18.54,-7.973,113.1,-27.88,116.1,MTWA,3608,0,0
2018,5,4,18,0,0,1,1,-18.1,18.46,-8.005,113,-27.92,116,MTWA,3612,0,0
2018,5,4,18,0,0,1,1,-18.1,18.43,-8.015,113,-27.94,116,MTWA,3616,0,0
2018,5,4,18,0,0,1,1,-18.12,18.35,-8.047,112.9,-27.98,115.9,MTWA,3621,0,0
2018,5,4,18,0,0,1,1,-18.12,18.32,-8.057,112.9,-27.99,115.9,MTWA,3625,0,0
2018,5,4,18,0,0,1,1,-18.14,18.24,-8.089,112.8,-28.04,115.8,MTWA,3629,0,0
2018,5,4,18,0,0,1,1,-18.15,18.17,-8.121,112.8,-28.08,115.8,MTWA,3633,0,0
2018,5,4,18,0,0,1,1,-18.15,18.14,-8.132,112.8,-28.09,115.7,MTWA,3638,0,0
2018,5,4,18,0,0,1,1,-18.17,18.06,-8.164,112.7,-28.14,115.7,MTWA,3642,0,0
2018,5,4,18,0,0,1,1,-18.19,17.99,-8.196,112.6,-28.18,115.6,MTWA,3646,0,0
2018,5,4,18,0,0,1,1,-18.19,17.96,-8.207,112.6,-28.19,115.6,MTWA,3651,0,0
2018,5,4,18,0,0,1,1,-18.21,17.89,-8.239,112.5,-28.23,115.5,MTWA,3655,0,0
2018,5,4,18,0,0,1,1,-18.22,17.82,-8.271,112.5,-28.28,115.4,MTWA,3659,0,0
2018,5,4,18,0,0,1,1,-18.23,17.79,-8.282,112.4,-28.29,115.4,MTWA,3663,0,0
2018,5,4,18,0,0,1,1,-18.25,17.72,-8.315,112.4,-28.33,115.4,MTWA,3668,0,0
2018,5,4,18,0,0,1,1,-18.26,17.65,-8.347,112.3,-28.37,115.3,MTWA,3672,0,0
2018,5,4,18,0,0,1,1,-18.27,17.63,-8.358,112.3,-28.39,115.3,MTWA,3676,0,0
2018,5,4,18,0,0,1,1,-18.29,17.56,-8.391,112.2,-28.43,115.2,MTWA,3681,0,0
2018,5,4,18,0,0,1,1,-18.3,17.49,-8.423,112.2,-28.47,115.2,MTWA,3685,0,0
2018,5,4,18,0,0,1,1,-18.31,17.47,-8.435,112.2,-28.49,115.1,MTWA,3689,0,0
2018,5,4,18,0,0,1,1,-18.33,17.4,-8.467,112.1,-28.53,115.1,MTWA,3693,0,0
2018,5,4,18,0,0,1,1,-18.35,17.34,-8.5,112.1,-28.57,115,MTWA,3698,0,0
2018,5,4,18,0,0,1,1,-18.35,17.32,-8.512,112,-28.58,115,MTWA,3702,0,0
2018,5,4,18,0,0,1,1,-18.37,17.25,-8.544,112,-28.62,114.9,MTWA,3706,0,0
2018,5,4,18,0,0,1,1,-18.39,17.19,-8.577,111.9,-28.66,114.9,MTWA,3711,0,0
2018,5,4,18,0,0,1,1,-18.4,17.17,-8.589,111.9,-28.68,114.9,MTWA,3715,0,0
2018,5,4,18,0,0,1,1,-18.42,17.11,-8.622,111.9,-28.72,114.8,MTWA,3719,0,0
2018,5,4,18,0,0,1,1,-18.44,17.05,-8.654,111.8,-28.76,114.8,MTWA,3723,0,0
2018,5,4,18,0,0,1,1,-18.46,16.99,-8.687,111.8,-28.8,114.7,MTWA,3728,0,0
2018,5,4,18,0,0,1,1,-18.46,16.97,-8.699,111.7,-28.81,114.7,MTWA,3732,0,0
2018,5,4,18,0,0,1,1,-18.48,16.91,-8.732,111.7,-28.85,114.7,MTWA,3736,0,0
2018,5,4,18,0,0,1,1,-18.5,16.85,-8.764,111.6,-28.89,114.6,MTWA,3741,0,0
2018,5,4,18,0,0,1,1,-18.51,16.83,-8.777,111.6,-28.91,114.6,MTWA,3745,0,0
2018,5,4,18,0,0,1,1,-18.53,16.77,-8.809,111.6,-28.95,114.5,MTWA,3749,0,0
2018,5,4,18,0,0,1,1,-18.55,16.72,-8.842,111.5,-28.99,114.5,MTWA,3753,0,0
2018,5,4,18,0,0,1,1,-18.57,16.66,-8.874,111.5,-29.03,114.4,MTWA,3758,0,0
2018,5,4,18,0,0,1,1,-18.58,16.65,-8.887,111.5,-29.04,114.4,MTWA,3762,0,0
2018,5,4,18,0,0,1,1,-18.6,16.59,-8.919,111.4,-29.08,114.4,MTWA,3766,0,0
2018,5,4,18,0,0,1,1,-18.62,16.53,-8.952,111.4,-29.12,114.3,MTWA,3771,0,0
2018,5,4,18,0,0,1,1,-18.63,16.52,-8.965,111.4,-29.14,114.3,MTWA,3775,0,0
2018,5,4,18,0,0,1,1,-18.65,16.47,-8.997,111.3,-29.17,114.3,MTWA,3779,0,0
2018,5,4,18,0,0,1,1,-18.67,16.41,-9.029,111.3,-29.21,114.2,MTWA,3783,0,0
2018,5,4,18,0,0,1,1,-18.69,16.36,-9.061,111.2,-29.25,114.2,MTWA,3788,0,0
2018,5,4,18,0,0,1,1,-18.7,16.35,-9.074,111.2,-29.27,114.2,MTWA,3792,0,0
2018,5,4,18,0,0,1,1,-18.72,16.29,-9.107,111.2,-29.3,114.1,MTWA,3796,0,0
2018,5,4,18,0,0,1,1,-18.75,16.24,-9.139,111.1,-29.34,114.1,MTWA,3801,0,0
2018,5,4,18,0,0,1,1,-18.77,16.19,-9.171,111.1,-29.38,114.1,MTWA,3805,0,0
2018,5,4,18,0,0,1,1,-18.78,16.18,-9.184,111.1,-29.39,114.1,MTWA,3809,0,0
2018,5,4,18,0,0,1,1,-18.8,16.13,-9.216,111,-29.43,114,MTWA,3813,0,0
2018,5,4,18,0,0,1,1,-18.82,16.08,-9.248,111,-29.47,114,MTWA,3818,0,0
2018,5,4,18,0,0,1,1,-18.84,16.03,-9.28,111,-29.51,113.9,MTWA,3822,0,0
2018,5,4,18,0,0,1,1,-18.85,16.02,-9.293,110.9,-29.52,113.9,MTWA,3826,0,0
2018,5,4,18,0,0,1,1,-18.87,15.97,-9.325,110.9,-29.56,113.9,MTWA,3830,0,0
2018,5,4,18,0,0,1,1,-18.89,15.92,-9.356,110.9,-29.6,113.9,MTWA,3835,0,0
2018,5,4,18,0,0,1,1,-18.91,15.87,-9.388,110.8,-29.63,113.8,MTWA,3839,0,0
2018,5,4,18,0,0,1,1,-18.94,15.82,-9.419,110.8,-29.67,113.8,MTWA,3843,0,0
2018,5,4,18,0,0,1,1,-18.95,15.82,-9.433,110.8,-29.69,113.8,MTWA,3848,0,0
2018,5,4,18,0,0,1,1,-18.97,15.77,-9.464,110.7,-29.72,113.7,MTWA,3852,0,0
2018,5,4,18,0,0,1,1,-18.99,15.72,-9.495,110.7,-29.76,113.7,MTWA,3856,0,0
2018,5,4,18,0,0,1,1,-19.01,15.68,-9.526,110.7,-29.8,113.7,MTWA,3860,0,0
2018,5,4,18,0,0,1,1,-19.02,15.67,-9.539,110.7,-29.81,113.7,MTWA,3865,0,0
2018,5,4,18,0,0,1,1,-19.04,15.62,-9.571,110.6,-29.84,113.6,MTWA,3869,0,0
2018,5,4,18,0,0,1,1,-19.06,15.58,-9.601,110.6,-29.88,113.6,MTWA,3873,0,0
2018,5,4,18,0,0,1,1,-19.09,15.53,-9.632,110.6,-29.92,113.5,MTWA,3878,0,0
2018,5,4,18,0,0,1,1,-19.11,15.49,-9.663,110.5,-29.95,113.5,MTWA,3882,0,0
2018,5,4,18,0,0,1,1,-19.12,15.48,-9.676,110.5,-29.97,113.5,MTWA,3886,0,0
2018,5,4,18,0,0,1,1,-19.14,15.44,-9.707,110.5,-30,113.5,MTWA,3890,0,0
2018,5,4,18,0,0,1,1,-19.16,15.4,-9.737,110.4,-30.04,113.4,MTWA,3895,0,0
2018,5,4,18,0,0,1,1,-19.18,15.35,-9.767,110.4,-30.07,113.4,MTWA,3899,0,0
2018,5,4,18,0,0,1,1,-19.19,15.35,-9.78,110.4,-30.09,113.4,MTWA,3903,0,0
2018,5,4,18,0,0,1,1,-19.21,15.3,-9.811,110.4,-30.12,113.4,MTWA,3908,0,0
2018,5,4,18,0,0,1,1,-19.23,15.26,-9.841,110.3,-30.15,113.3,MTWA,3912,0,0
2018,5,4,18,0,0,1,1,-19.26,15.22,-9.871,110.3,-30.19,113.3,MTWA,3916,0,0
2018,5,4,18,0,0,1,1,-19.28,15.18,-9.9,110.3,-30.22,113.3,MTWA,3920,0,0
2018,5,4,18,0,0,1,1,-19.29,15.17,-9.913,110.3,-30.24,113.3,MTWA,3925,0,0
2018,5,4,18,0,0,1,1,-19.31,15.13,-9.943,110.2,-30.27,113.2,MTWA,3929,0,0
2018,5,4,18,0,0,1,1,-19.33,15.09,-9.972,110.2,-30.3,113.2,MTWA,3933,0,0
2018,5,4,18,0,0,1,1,-19.35,15.05,-10,110.2,-30.34,113.2,MTWA,3938,0,0
2018,5,4,18,0,0,1,1,-19.37,15.01,-10.03,110.1,-30.37,113.1,MTWA,3942,0,0
2018,5,4,18,0,0,1,1,-19.38,15.01,-10.04,110.1,-30.38,113.2,MTWA,3946,0,0
2018,5,4,18,0,0,1,1,-19.4,14.96,-10.07,110.1,-30.42,113.1,MTWA,3950,0,0
2018,5,4,18,0,0,1,1,-19.42,14.92,-10.1,110.1,-30.45,113.1,MTWA,3955,0,0
2018,5,4,18,0,0,1,1,-19.44,14.88,-10.13,110,-30.48,113.1,MTWA,3959,0,0
2018,5,4,18,0,0,1,1,-19.46,14.84,-10.16,110,-30.52,113,MTWA,3963,0,0
2018,5,4,18,0,0,1,1,-19.48,14.8,-10.19,110,-30.55,113,MTWA,3968,0,0
2018,5,4,18,0,0,1,1,-19.49,14.8,-10.2,110,-30.56,113,MTWA,3972,0,0
2018,5,4,18,0,0,1,1,-19.51,14.76,-10.23,109.9,-30.59,113,MTWA,3976,0,0
2018,5,4,18,0,0,1,1,-19.53,14.72,-10.25,109.9,-30.63,112.9,MTWA,3980,0,0
2018,5,4,18,0,0,1,1,-19.55,14.68,-10.28,109.9,-30.66,112.9,MTWA,3985,0,0
2018,5,4,18,0,0,1,1,-19.57,14.64,-10.31,109.9,-30.69,112.9,MTWA,3989,0,0
2018,5,4,18,0,0,1,1,-19.58,14.64,-10.32,109.9,-30.7,112.9,MTWA,3993,0,0
2018,5,4,18,0,0,1,1,-19.6,14.61,-10.35,109.8,-30.73,112.8,MTWA,3998,0,0
2018,5,4,18,0,0,1,1,-19.62,14.57,-10.38,109.8,-30.77,112.8,MTWA,4002,0,0
2018,5,4,18,0,0,1,1,-19.64,14.53,-10.4,109.8,-30.8,112.8,MTWA,4006,0,0
2018,5,4,18,0,0,1,1,-19.66,14.49,-10.43,109.7,-30.83,112.8,MTWA,4010,0,0
2018,5,4,18,0,0,1,1,-19.68,14.45,-10.46,109.7,-30.86,112.7,MTWA,4015,0,0
2018,5,4,18,0,0,1,1,-19.69,14.45,-10.47,109.7,-30.87,112.7,MTWA,4019,0,0
2018,5,4,18,0,0,1,1,-19.71,14.41,-10.49,109.7,-30.9,112.7,MTWA,4023,0,0
2018,5,4,18,0,0,1,1,-19.72,14.38,-10.52,109.6,-30.93,112.7,MTWA,4028,0,0
2018,5,4,18,0,0,1,1,-19.74,14.34,-10.55,109.6,-30.96,112.6,MTWA,4032,0,0
2018,5,4,18,0,0,1,1,-19.76,14.3,-10.57,109.6,-30.99,112.6,MTWA,4036,0,0
2018,5,4,18,0,0,1,1,-19.78,14.26,-10.6,109.6,-31.02,112.6,MTWA,4040,0,0
2018,5,4,18,0,0,1,1,-19.79,14.26,-10.61,109.6,-31.03,112.6,MTWA,4045,0,0
2018,5,4,18,0,0,1,1,-19.8,14.23,-10.63,109.5,-31.06,112.6,MTWA,4049,0,0
2018,5,4,18,0,0,1,1,-19.82,14.19,-10.66,109.5,-31.09,112.5,MTWA,4053,0,0
2018,5,4,18,0,0,1,1,-19.84,14.15,-10.69,109.5,-31.12,112.5,MTWA,4058,0,0
2018,5,4,18,0,0,1,1,-19.85,14.11,-10.71,109.4,-31.15,112.5,MTWA,4062,0,0
2018,5,4,18,0,0,1,1,-19.87,14.08,-10.73,109.4,-31.18,112.4,MTWA,4066,0,0
2018,5,4,18,0,0,1,1,-19.88,14.08,-10.74,109.4,-31.18,112.4,MTWA,4070,0,0
2018,5,4,18,0,0,1,1,-19.9,14.04,-10.77,109.4,-31.21,112.4,MTWA,4075,0,0
2018,5,4,18,0,0,1,1,-19.91,14,-10.79,109.3,-31.24,112.4,MTWA,4079,0,0
2018,5,4,18,0,0,1,1,-19.93,13.97,-10.82,109.3,-31.27,112.3,MTWA,4083,0,0
2018,5,4,18,0,0,1,1,-19.94,13.93,-10.84,109.3,-31.3,112.3,MTWA,4088,0,0
2018,5,4,18,0,0,1,1,-19.96,13.89,-10.86,109.3,-31.32,112.3,MTWA,4092,0,0
2018,5,4,18,0,0,1,1,-19.97,13.89,-10.87,109.3,-31.33,112.3,MTWA,4096,0,0
2018,5,4,18,0,0,1,1,-19.98,13.86,-10.9,109.2,-31.36,112.3,MTWA,4100,0,0
2018,5,4,18,0,0,1,1,-20,13.82,-10.92,109.2,-31.39,112.2,MTWA,4105,0,0
2018,5,4,18,0,0,1,1,-20.01,13.78,-10.94,109.2,-31.41,112.2,MTWA,4109,0,0
2018,5,4,18,0,0,1,1,-20.03,13.75,-10.97,109.1,-31.44,112.2,MTWA,4113,0,0
2018,5,4,18,0,0,1,1,-20.04,13.71,-10.99,109.1,-31.47,112.1,MTWA,4118,0,0
2018,5,4,18,0,0,1,1,-20.05,13.71,-11,109.1,-31.48,112.1,MTWA,4122,0,0
2018,5,4,18,0,0,1,1,-20.07,13.68,-11.02,109.1,-31.5,112.1,MTWA,4126,0,0
2018,5,4,18,0,0,1,1,-20.08,13.64,-11.04,109.1,-31.53,112.1,MTWA,4130,0,0
2018,5,4,18,0,0,1,1,-20.09,13.6,-11.06,109,-31.55,112.1,MTWA,4135,0,0
2018,5,4,18,0,0,1,1,-20.11,13.57,-11.08,109,-31.58,112,MTWA,4139,0,0
2018,5,4,18,0,0,1,1,-20.12,13.53,-11.1,109,-31.6,112,MTWA,4143,0,0
2018,5,4,18,0,0,1,1,-20.13,13.53,-11.11,109,-31.61,112,MTWA,4148,0,0
2018,5,4,18,0,0,1,1,-20.14,13.49,-11.13,108.9,-31.64,112,MTWA,4152,0,0
2018,5,4,18,0,0,1,1,-20.15,13.46,-11.15,108.9,-31.66,111.9,MTWA,4156,0,0
2018,5,4,18,0,0,1,1,-20.16,13.42,-11.17,108.9,-31.68,111.9,MTWA,4160,0,0
2018,5,4,18,0,0,1,1,-20.18,13.39,-11.19,108.8,-31.71,111.9,MTWA,4165,0,0
2018,5,4,18,0,0,1,1,-20.19,13.35,-11.21,108.8,-31.73,111.8,MTWA,4169,0,0
2018,5,4,18,0,0,1,1,-20.19,13.35,-11.22,108.8,-31.74,111.8,MTWA,4173,0,0
2018,5,4,18,0,0,1,1,-20.21,13.31,-11.24,108.8,-31.76,111.8,MTWA,4178,0,0
2018,5,4,18,0,0,1,1,-20.22,13.28,-11.26,108.8,-31.79,111.8,MTWA,4182,0,0
2018,5,4,18,0,0,1,1,-20.23,13.24,-11.28,108.7,-31.81,111.7,MTWA,4186,0,0
2018,5,4,18,0,0,1,1,-20.24,13.2,-11.3,108.7,-31.83,111.7,MTWA,4190,0,0
2018,5,4,18,0,0,1,1,-20.25,13.17,-11.32,108.7,-31.85,111.7,MTWA,4195,0,0
2018,5,4,18,0,0,1,1,-20.25,13.17,-11.32,108.7,-31.86,111.7,MTWA,4199,0,0
2018,5,4,18,0,0,1,1,-20.26,13.13,-11.34,108.6,-31.88,111.7,MTWA,4203,0,0
2018,5,4,18,0,0,1,1,-20.27,13.09,-11.36,108.6,-31.9,111.6,MTWA,4208,0,0
2018,5,4,18,0,0,1,1,-20.28,13.06,-11.38,108.6,-31.93,111.6,MTWA,4212,0,0
2018,5,4,18,0,0,1,1,-20.29,13.02,-11.39,108.5,-31.95,111.6,MTWA,4216,0,0
2018,5,4,18,0,0,1,1,-20.3,12.98,-11.41,108.5,-31.97,111.5,MTWA,4220,0,0
2018,5,4,18,0,0,1,1,-20.31,12.98,-11.41,108.5,-31.97,111.5,MTWA,4225,0,0
2018,5,4,18,0,0,1,1,-20.31,12.95,-11.43,108.5,-31.99,111.5,MTWA,4229,0,0
2018,5,4,18,0,0,1,1,-20.32,12.91,-11.45,108.4,-32.02,111.5,MTWA,4233,0,0
2018,5,4,18,0,0,1,1,-20.33,12.87,-11.46,108.4,-32.04,111.4,MTWA,4238,0,0
2018,5,4,18,0,0,1,1,-20.34,12.84,-11.48,108.4,-32.06,111.4,MTWA,4242,0,0
2018,5,4,18,0,0,1,1,-20.34,12.8,-11.5,108.3,-32.08,111.4,MTWA,4246,0,0
2018,5,4,18,0,0,1,1,-20.35,12.8,-11.5,108.3,-32.08,111.4,MTWA,4250,0,0
2018,5,4,18,0,0,1,1,-20.35,12.76,-11.52,108.3,-32.1,111.3,MTWA,4255,0,0
2018,5,4,18,0,0,1,1,-20.36,12.73,-11.53,108.3,-32.12,111.3,MTWA,4259,0,0
2018,5,4,18,0,0,1,1,-20.37,12.69,-11.55,108.2,-32.14,111.2,MTWA,4263,0,0
2018,5,4,18,0,0,1,1,-20.37,12.65,-11.56,108.2,-32.16,111.2,MTWA,4268,0,0
2018,5,4,18,0,0,1,1,-20.38,12.61,-11.57,108.2,-32.18,111.2,MTWA,4272,0,0
2018,5,4,18,0,0,1,1,-20.38,12.61,-11.58,108.2,-32.18,111.2,MTWA,4276,0,0
2018,5,4,18,0,0,1,1,-20.39,12.58,-11.59,108.1,-32.2,111.1,MTWA,4280,0,0
2018,5,4,18,0,0,1,1,-20.39,12.54,-11.6,108.1,-32.22,111.1,MTWA,4285,0,0
2018,5,4,18,0,0,1,1,-20.4,12.5,-11.62,108.1,-32.23,111.1,MTWA,4289,0,0
2018,5,4,18,0,0,1,1,-20.4,12.46,-11.63,108,-32.25,111,MTWA,4293,0,0
2018,5,4,18,0,0,1,1,-20.4,12.43,-11.64,108,-32.27,111,MTWA,4297,0,0
2018,5,4,18,0,0,1,1,-20.41,12.42,-11.65,108,-32.27,111,MTWA,4302,0,0
2018,5,4,18,0,0,1,1,-20.41,12.39,-11.66,108,-32.29,111,MTWA,4306,0,0
2018,5,4,18,0,0,1,1,-20.41,12.35,-11.67,107.9,-32.3,110.9,MTWA,4310,0,0
2018,5,4,18,0,0,1,1,-20.42,12.31,-11.68,107.9,-32.32,110.9,MTWA,4315,0,0
2018,5,4,18,0,0,1,1,-20.42,12.27,-11.69,107.9,-32.34,110.8,MTWA,4319,0,0
2018,5,4,18,0,0,1,1,-20.42,12.24,-11.71,107.8,-32.35,110.8,MTWA,4323,0,0
2018,5,4,18,0,0,1,1,-20.42,12.23,-11.71,107.8,-32.35,110.8,MTWA,4327,0,0
2018,5,4,18,0,0,1,1,-20.42,12.2,-11.72,107.8,-32.37,110.8,MTWA,4332,0,0
2018,5,4,18,0,0,1,1,-20.42,12.16,-11.73,107.8,-32.38,110.7,MTWA,4336,0,0
2018,5,4,18,0,0,1,1,-20.43,12.12,-11.74,107.7,-32.4,110.7,MTWA,4340,0,0
2018,5,4,18,0,0,1,1,-20.43,12.08,-11.75,107.7,-32.41,110.7,MTWA,4345,0,0
2018,5,4,18,0,0,1,1,-20.43,12.04,-11.76,107.7,-32.43,110.6,MTWA,4349,0,0
2018,5,4,18,0,0,1,1,-20.43,12.04,-11.76,107.7,-32.43,110.6,MTWA,4353,0,0
2018,5,4,18,0,0,1,1,-20.43,12,-11.77,107.6,-32.44,110.6,MTWA,4357,0,0
2018,5,4,18,0,0,1,1,-20.43,11.96,-11.78,107.6,-32.46,110.5,MTWA,4362,0,0
2018,5,4,18,0,0,1,1,-20.43,11.92,-11.79,107.6,-32.47,110.5,MTWA,4366,0,0
2018,5,4,18,0,0,1,1,-20.43,11.89,-11.79,107.5,-32.48,110.5,MTWA,4370,0,0
2018,5,4,18,0,0,1,1,-20.42,11.85,-11.8,107.5,-32.5,110.4,MTWA,4375,0,0
2018,5,4,18,0,0,1,1,-20.42,11.84,-11.8,107.5,-32.49,110.4,MTWA,4379,0,0
2018,5,4,18,0,0,1,1,-20.42,11.81,-11.81,107.4,-32.51,110.4,MTWA,4383,0,0
2018,5,4,18,0,0,1,1,-20.42,11.77,-11.82,107.4,-32.52,110.3,MTWA,4387,0,0
2018,5,4,18,0,0,1,1,-20.42,11.73,-11.82,107.4,-32.53,110.3,MTWA,4392,0,0
2018,5,4,18,0,0,1,1,-20.41,11.69,-11.83,107.3,-32.54,110.2,MTWA,4396,0,0
2018,5,4,18,0,0,1,1,-20.41,11.68,-11.83,107.3,-32.54,110.2,MTWA,4400,0,0
2018,5,4,18,0,0,1,1,-20.41,11.65,-11.84,107.3,-32.55,110.2,MTWA,4405,0,0
2018,5,4,18,0,0,1,1,-20.4,11.61,-11.84,107.3,-32.56,110.2,MTWA,4409,0,0
2018,5,4,18,0,0,1,1,-20.4,11.57,-11.85,107.2,-32.57,110.1,MTWA,4413,0,0
2018,5,4,18,0,0,1,1,-20.4,11.53,-11.85,107.2,-32.58,110.1,MTWA,4417,0,0
2018,5,4,18,0,0,1,1,-20.39,11.45,-11.87,107.1,-32.61,110,MTWA,4422,0,0
2018,5,4,18,0,0,1,1,-20.39,11.41,-11.87,107.1,-32.62,110,MTWA,4426,0,0
2018,5,4,18,0,0,1,1,-20.39,11.38,-11.88,107,-32.63,109.9,MTWA,4430,0,0
2018,5,4,18,0,0,1,1,-20.38,11.3,-11.89,107,-32.65,109.8,MTWA,4435,0,0
2018,5,4,18,0,0,1,1,-20.38,11.26,-11.9,106.9,-32.66,109.8,MTWA,4439,0,0
2018,5,4,18,0,0,1,1,-20.37,11.22,-11.9,106.9,-32.67,109.7,MTWA,4443,0,0
2018,5,4,18,0,0,1,1,-20.37,11.15,-11.92,106.8,-32.69,109.7,MTWA,4447,0,0
2018,5,4,18,0,0,1,1,-20.36,11.11,-11.92,106.8,-32.7,109.6,MTWA,4452,0,0
2018,5,4,18,0,0,1,1,-20.35,11.07,-11.92,106.7,-32.71,109.6,MTWA,4456,0,0
2018,5,4,18,0,0,1,1,-20.35,10.99,-11.94,106.7,-32.73,109.5,MTWA,4460,0,0
2018,5,4,18,0,0,1,1,-20.34,10.95,-11.94,106.6,-32.74,109.5,MTWA,4465,0,0
2018,5,4,18,0,0,1,1,-20.33,10.91,-11.94,106.6,-32.75,109.4,MTWA,4469,0,0
2018,5,4,18,0,0,1,1,-20.33,10.84,-11.96,106.5,-32.77,109.3,MTWA,4473,0,0
2018,5,4,18,0,0,1,1,-20.32,10.8,-11.96,106.5,-32.77,109.3,MTWA,4477,0,0
2018,5,4,18,0,0,1,1,-20.31,10.76,-11.96,106.4,-32.78,109.2,MTWA,4482,0,0
2018,5,4,18,0,0,1,1,-20.3,10.68,-11.97,106.4,-32.8,109.2,MTWA,4486,0,0
2018,5,4,18,0,0,1,1,-20.3,10.64,-11.97,106.3,-32.81,109.1,MTWA,4490,0,0
2018,5,4,18,0,0,1,1,-20.29,10.6,-11.97,106.3,-32.81,109.1,MTWA,4495,0,0
2018,5,4,18,0,0,1,1,-20.28,10.52,-11.98,106.2,-32.83,109,MTWA,4499,0,0
2018,5,4,18,0,0,1,1,-20.27,10.48,-11.98,106.2,-32.84,108.9,MTWA,4503,0,0
2018,5,4,18,0,0,1,1,-20.26,10.44,-11.99,106.1,-32.84,108.9,MTWA,4507,0,0
2018,5,4,18,0,0,1,1,-20.25,10.37,-12,106.1,-32.86,108.8,MTWA,4512,0,0
2018,5,4,18,0,0,1,1,-20.24,10.33,-12,106,-32.87,108.8,MTWA,4516,0,0
2018,5,4,18,0,0,1,1,-20.23,10.28,-11.99,106,-32.87,108.7,MTWA,4520,0,0
2018,5,4,18,0,0,1,1,-20.22,10.21,-12,105.9,-32.89,108.6,MTWA,4525,0,0
2018,5,4,18,0,0,1,1,-20.21,10.17,-12,105.9,-32.89,108.6,MTWA,4529,0,0
2018,5,4,18,0,0,1,1,-20.2,10.09,-12.01,105.8,-32.91,108.5,MTWA,4533,0,0
2018,5,4,18,0,0,1,1,-20.19,10.05,-12.01,105.8,-32.92,108.5,MTWA,4537,0,0
2018,5,4,18,0,0,1,1,-20.17,10.01,-12.01,105.7,-32.92,108.4,MTWA,4542,0,0
2018,5,4,18,0,0,1,1,-20.16,9.931,-12.02,105.6,-32.94,108.3,MTWA,4546,0,0
2018,5,4,18,0,0,1,1,-20.15,9.89,-12.01,105.6,-32.94,108.3,MTWA,4550,0,0
2018,5,4,18,0,0,1,1,-20.14,9.849,-12.01,105.6,-32.94,108.2,MTWA,4555,0,0
2018,5,4,18,0,0,1,1,-20.12,9.771,-12.02,105.5,-32.96,108.1,MTWA,4559,0,0
2018,5,4,18,0,0,1,1,-20.11,9.73,-12.02,105.4,-32.96,108.1,MTWA,4563,0,0
2018,5,4,18,0,0,1,1,-20.1,9.652,-12.02,105.4,-32.97,108,MTWA,4567,0,0
2018,5,4,18,0,0,1,1,-20.08,9.611,-12.02,105.3,-32.98,108,MTWA,4572,0,0
2018,5,4,18,0,0,1,1,-20.07,9.57,-12.02,105.3,-32.98,107.9,MTWA,4576,0,0
2018,5,4,18,0,0,1,1,-20.06,9.491,-12.02,105.2,-32.99,107.8,MTWA,4580,0,0
2018,5,4,18,0,0,1,1,-20.04,9.451,-12.02,105.2,-32.99,107.8,MTWA,4585,0,0
2018,5,4,18,0,0,1,1,-20.02,9.41,-12.01,105.1,-32.99,107.7,MTWA,4589,0,0
2018,5,4,18,0,0,1,1,-20.01,9.33,-12.02,105,-33.01,107.6,MTWA,4593,0,0
2018,5,4,18,0,0,1,1,-19.99,9.289,-12.01,105,-33.01,107.6,MTWA,4597,0,0
2018,5,4,18,0,0,1,1,-19.98,9.21,-12.02,104.9,-33.02,107.5,MTWA,4602,0,0
2018,5,4,18,0,0,1,1,-19.96,9.169,-12.01,104.9,-33.02,107.4,MTWA,4606,0,0
2018,5,4,18,0,0,1,1,-19.95,9.128,-12.01,104.8,-33.02,107.4,MTWA,4610,0,0
2018,5,4,18,0,0,1,1,-19.93,9.048,-12.01,104.8,-33.03,107.3,MTWA,4615,0,0
2018,5,4,18,0,0,1,1,-19.91,9.007,-12.01,104.7,-33.03,107.2,MTWA,4619,0,0
2018,5,4,18,0,0,1,1,-19.9,8.927,-12.01,104.6,-33.04,107.2,MTWA,4623,0,0
2018,5,4,18,0,0,1,1,-19.88,8.886,-12,104.6,-33.04,107.1,MTWA,4627,0,0
2018,5,4,18,0,0,1,1,-19.86,8.845,-11.99,104.6,-33.04,107.1,MTWA,4632,0,0
2018,5,4,18,0,0,1,1,-19.84,8.764,-12,104.5,-33.05,107,MTWA,4636,0,0
2018,5,4,18,0,0,1,1,-19.82,8.723,-11.99,104.4,-33.05,106.9,MTWA,4640,0,0
2018,5,4,18,0,0,1,1,-19.81,8.643,-12,104.3,-33.06,106.8,MTWA,4645,0,0
2018,5,4,18,0,0,1,1,-19.79,8.601,-11.99,104.3,-33.05,106.8,MTWA,4649,0,0
2018,5,4,18,0,0,1,1,-19.77,8.56,-11.98,104.3,-33.05,106.7,MTWA,4653,0,0
2018,5,4,18,0,0,1,1,-19.75,8.479,-11.98,104.2,-33.06,106.6,MTWA,4657,0,0
2018,5,4,18,0,0,1,1,-19.73,8.438,-11.97,104.1,-33.06,106.6,MTWA,4662,0,0
2018,5,4,18,0,0,1,1,-19.71,8.357,-11.97,104.1,-33.07,106.5,MTWA,4666,0,0
2018,5,4,18,0,0,1,1,-19.69,8.315,-11.96,104,-33.06,106.4,MTWA,4670,0,0
2018,5,4,18,0,0,1,1,-19.67,8.274,-11.95,104,-33.06,106.4,MTWA,4674,0,0
2018,5,4,18,0,0,1,1,-19.65,8.192,-11.96,103.9,-33.07,106.3,MTWA,4679,0,0
2018,5,4,18,0,0,1,1,-19.63,8.151,-11.95,103.8,-33.06,106.2,MTWA,4683,0,0
2018,5,4,18,0,0,1,1,-19.61,8.069,-11.95,103.8,-33.07,106.1,MTWA,4687,0,0
2018,5,4,18,0,0,1,1,-19.59,8.028,-11.94,103.7,-33.07,106.1,MTWA,4692,0,0
2018,5,4,18,0,0,1,1,-19.57,7.946,-11.94,103.6,-33.08,106,MTWA,4696,0,0
2018,5,4,18,0,0,1,1,-19.54,7.905,-11.93,103.6,-33.07,105.9,MTWA,4700,0,0
2018,5,4,18,0,0,1,1,-19.52,7.863,-11.91,103.5,-33.06,105.9,MTWA,4704,0,0
2018,5,4,18,0,0,1,1,-19.5,7.781,-11.92,103.5,-33.07,105.8,MTWA,4709,0,0
2018,5,4,18,0,0,1,1,-19.48,7.74,-11.9,103.4,-33.06,105.7,MTWA,4713,0,0
2018,5,4,18,0,0,1,1,-19.46,7.657,-11.9,103.3,-33.07,105.6,MTWA,4717,0,0
2018,5,4,18,0,0,1,1,-19.43,7.616,-11.89,103.3,-33.06,105.6,MTWA,4722,0,0
2018,5,4,18,0,0,1,1,-19.41,7.574,-11.88,103.2,-33.06,105.5,MTWA,4726,0,0
2018,5,4,18,0,0,1,1,-19.39,7.491,-11.88,103.2,-33.06,105.4,MTWA,4730,0,0
2018,5,4,18,0,0,1,1,-19.36,7.45,-11.86,103.1,-33.06,105.4,MTWA,4734,0,0
2018,5,4,18,0,0,1,1,-19.34,7.367,-11.86,103,-33.06,105.3,MTWA,4739,0,0
2018,5,4,18,0,0,1,1,-19.31,7.326,-11.85,103,-33.05,105.2,MTWA,4743,0,0
2018,5,4,18,0,0,1,1,-19.29,7.242,-11.85,102.9,-33.06,105.1,MTWA,4747,0,0
2018,5,4,18,0,0,1,1,-19.26,7.201,-11.83,102.9,-33.05,105.1,MTWA,4752,0,0
2018,5,4,18,0,0,1,1,-19.24,7.159,-11.82,102.8,-33.04,105,MTWA,4756,0,0
2018,5,4,18,0,0,1,1,-19.22,7.075,-11.82,102.7,-33.05,104.9,MTWA,4760,0,0
2018,5,4,18,0,0,1,1,-19.19,7.034,-11.8,102.7,-33.04,104.9,MTWA,4764,0,0
2018,5,4,18,0,0,1,1,-19.17,6.95,-11.8,102.6,-33.04,104.8,MTWA,4769,0,0
2018,5,4,18,0,0,1,1,-19.14,6.909,-11.79,102.6,-33.03,104.7,MTWA,4773,0,0
2018,5,4,18,0,0,1,1,-19.11,6.868,-11.77,102.5,-33.02,104.7,MTWA,4777,0,0
2018,5,4,18,0,0,1,1,-19.09,6.783,-11.77,102.4,-33.03,104.6,MTWA,4782,0,0
2018,5,4,18,0,0,1,1,-19.06,6.742,-11.75,102.4,-33.02,104.5,MTWA,4786,0,0
2018,5,4,18,0,0,1,1,-19.03,6.657,-11.75,102.3,-33.02,104.4,MTWA,4790,0,0
2018,5,4,18,0,0,1,1,-19.01,6.616,-11.73,102.2,-33.01,104.3,MTWA,4794,0,0
2018,5,4,18,0,0,1,1,-18.98,6.531,-11.73,102.2,-33.02,104.2,MTWA,4799,0,0
2018,5,4,18,0,0,1,1,-18.95,6.49,-11.71,102.1,-33,104.2,MTWA,4803,0,0
2018,5,4,18,0,0,1,1,-18.92,6.449,-11.7,102.1,-32.99,104.1,MTWA,4807,0,0
2018,5,4,18,0,0,1,1,-18.9,6.364,-11.69,102,-32.99,104,MTWA,4812,0,0
2018,5,4,18,0,0,1,1,-18.87,6.323,-11.68,101.9,-32.98,104,MTWA,4816,0,0
2018,5,4,18,0,0,1,1,-18.84,6.237,-11.67,101.9,-32.99,103.9,MTWA,4820,0,0
2018,5,4,18,0,0,1,1,-18.81,6.196,-11.66,101.8,-32.97,103.8,MTWA,4824,0,0
2018,5,4,18,0,0,1,1,-18.79,6.11,-11.65,101.7,-32.98,103.7,MTWA,4829,0,0
2018,5,4,18,0,0,1,1,-18.76,6.07,-11.63,101.7,-32.96,103.7,MTWA,4833,0,0
2018,5,4,18,0,0,1,1,-18.73,6.029,-11.61,101.6,-32.95,103.6,MTWA,4837,0,0
2018,5,4,18,0,0,1,1,-18.7,5.942,-11.61,101.5,-32.95,103.5,MTWA,4842,0,0
2018,5,4,18,0,0,1,1,-18.67,5.902,-11.59,101.5,-32.94,103.5,MTWA,4846,0,0
2018,5,4,18,0,0,1,1,-18.64,5.815,-11.59,101.4,-32.94,103.3,MTWA,4850,0,0
2018,5,4,18,0,0,1,1,-18.61,5.775,-11.57,101.4,-32.92,103.3,MTWA,4854,0,0
2018,5,4,18,0,0,1,1,-18.58,5.734,-11.55,101.3,-32.91,103.2,MTWA,4859,0,0
2018,5,4,18,0,0,1,1,-18.55,5.647,-11.54,101.2,-32.91,103.1,MTWA,4863,0,0
2018,5,4,18,0,0,1,1,-18.52,5.606,-11.52,101.2,-32.9,103.1,MTWA,4867,0,0
2018,5,4,18,0,0,1,1,-18.49,5.519,-11.52,101.1,-32.9,103,MTWA,4872,0,0
2018,5,4,18,0,0,1,1,-18.46,5.479,-11.5,101,-32.88,102.9,MTWA,4876,0,0
2018,5,4,18,0,0,1,1,-18.43,5.391,-11.49,100.9,-32.89,102.8,MTWA,4880,0,0
2018,5,4,18,0,0,1,1,-18.4,5.351,-11.47,100.9,-32.87,102.8,MTWA,4884,0,0
2018,5,4,18,0,0,1,1,-18.37,5.31,-11.45,100.9,-32.85,102.7,MTWA,4889,0,0
2018,5,4,18,0,0,1,1,-18.34,5.223,-11.45,100.8,-32.85,102.6,MTWA,4893,0,0
2018,5,4,18,0,0,1,1,-18.3,5.182,-11.43,100.7,-32.84,102.5,MTWA,4897,0,0
2018,5,4,18,0,0,1,1,-18.28,5.094,-11.42,100.6,-32.84,102.4,MTWA,4902,0,0
2018,5,4,18,0,0,1,1,-18.24,5.054,-11.4,100.6,-32.82,102.4,MTWA,4906,0,0
2018,5,4,18,0,0,1,1,-18.21,5.014,-11.38,100.5,-32.8,102.3,MTWA,4910,0,0
2018,5,4,18,0,0,1,1,-18.18,4.925,-11.37,100.4,-32.8,102.2,MTWA,4914,0,0
2018,5,4,18,0,0,1,1,-18.14,4.885,-11.35,100.4,-32.78,102.2,MTWA,4919,0,0
2018,5,4,18,0,0,1,1,-18.12,4.797,-11.34,100.3,-32.79,102,MTWA,4923,0,0
2018,5,4,18,0,0,1,1,-18.08,4.756,-11.32,100.3,-32.77,102,MTWA,4927,0,0
2018,5,4,18,0,0,1,1,-18.05,4.716,-11.3,100.2,-32.75,101.9,MTWA,4932,0,0
2018,5,4,18,0,0,1,1,-18.02,4.627,-11.29,100.1,-32.75,101.8,MTWA,4936,0,0
2018,5,4,18,0,0,1,1,-17.98,4.588,-11.27,100.1,-32.73,101.8,MTWA,4940,0,0
2018,5,4,18,0,0,1,1,-17.95,4.498,-11.26,99.98,-32.73,101.7,MTWA,4944,0,0
2018,5,4,18,0,0,1,1,-17.92,4.458,-11.24,99.94,-32.71,101.6,MTWA,4949,0,0
2018,5,4,18,0,0,1,1,-17.88,4.419,-11.22,99.89,-32.69,101.6,MTWA,4953,0,0
2018,5,4,18,0,0,1,1,-17.85,4.329,-11.21,99.8,-32.69,101.4,MTWA,4957,0,0
2018,5,4,18,0,0,1,1,-17.81,4.289,-11.19,99.75,-32.67,101.4,MTWA,4962,0,0
2018,5,4,18,0,0,1,1,-17.78,4.199,-11.18,99.66,-32.67,101.3,MTWA,4966,0,0
2018,5,4,18,0,0,1,1,-17.75,4.16,-11.16,99.61,-32.65,101.2,MTWA,4970,0,0
2018,5,4,18,0,0,1,1,-17.71,4.12,-11.13,99.56,-32.63,101.2,MTWA,4974,0,0
2018,5,4,18,0,0,1,1,-17.68,4.03,-11.13,99.47,-32.63,101.1,MTWA,4979,0,0
2018,5,4,18,0,0,1,1,-17.64,3.99,-11.1,99.42,-32.61,101,MTWA,4983,0,0
2018,5,4,18,0,0,1,1,-17.61,3.9,-11.09,99.33,-32.61,100.9,MTWA,4987,0,0
2018,5,4,18,0,0,1,1,-17.58,3.86,-11.07,99.28,-32.59,100.8,MTWA,4992,0,0
2018,5,4,18,0,0,1,1,-17.54,3.821,-11.04,99.24,-32.57,100.8,MTWA,4996,0,0
2018,5,4,18,0,0,1,1,-17.51,3.73,-11.04,99.14,-32.57,100.7,MTWA,5000,0,0
2018,5,4,18,0,0,1,1,-17.47,3.691,-11.01,99.1,-32.54,100.6,MTWA,5004,0,0
2018,5,4,18,0,0,1,1,-17.44,3.6,-11.01,99,-32.55,100.5,MTWA,5009,0,0
2018,5,4,18,0,0,1,1,-17.4,3.56,-10.98,98.95,-32.52,100.4,MTWA,5013,0,0
2018,5,4,18,0,0,1,1,-17.36,3.521,-10.95,98.91,-32.5,100.4,MTWA,5017,0,0
2018,5,4,18,0,0,1,1,-17.33,3.43,-10.95,98.81,-32.5,100.3,MTWA,5022,0,0
2018,5,4,18,0,0,1,1,-17.29,3.39,-10.92,98.77,-32.48,100.2,MTWA,5026,0,0
2018,5,4,18,0,0,1,1,-17.26,3.299,-10.92,98.67,-32.48,100.1,MTWA,5030,0,0
2018,5,4,18,0,0,1,1,-17.22,3.26,-10.89,98.62,-32.45,100.1,MTWA,5034,0,0
2018,5,4,18,0,0,1,1,-17.19,3.221,-10.86,98.58,-32.43,100,MTWA,5039,0,0
2018,5,4,18,0,0,1,1,-17.15,3.129,-10.86,98.48,-32.43,99.89,MTWA,5043,0,0
2018,5,4,18,0,0,1,1,-17.12,3.09,-10.83,98.43,-32.41,99.83,MTWA,5047,0,0
2018,5,4,18,0,0,1,1,-17.08,2.998,-10.82,98.34,-32.41,99.72,MTWA,5052,0,0
2018,5,4,18,0,0,1,1,-17.04,2.958,-10.8,98.29,-32.38,99.66,MTWA,5056,0,0
2018,5,4,18,0,0,1,1,-17.01,2.919,-10.77,98.24,-32.36,99.6,MTWA,5060,0,0
2018,5,4,18,0,0,1,1,-16.97,2.827,-10.76,98.15,-32.36,99.49,MTWA,5064,0,0
2018,5,4,18,0,0,1,1,-16.93,2.788,-10.73,98.1,-32.33,99.43,MTWA,5069,0,0
2018,5,4,18,0,0,1,1,-16.9,2.749,-10.71,98.05,-32.31,99.38,MTWA,5073,0,0
2018,5,4,18,0,0,1,1,-16.86,2.657,-10.7,97.96,-32.31,99.27,MTWA,5077,0,0
2018,5,4,18,0,0,1,1,-16.82,2.618,-10.67,97.91,-32.28,99.21,MTWA,5082,0,0
2018,5,4,18,0,0,1,1,-16.79,2.525,-10.67,97.81,-32.28,99.1,MTWA,5086,0,0
2018,5,4,18,0,0,1,1,-16.75,2.486,-10.64,97.77,-32.26,99.04,MTWA,5090,0,0
2018,5,4,18,0,0,1,1,-16.71,2.447,-10.61,97.72,-32.23,98.98,MTWA,5094,0,0
2018,5,4,18,0,0,1,1,-16.68,2.354,-10.6,97.62,-32.23,98.87,MTWA,5099,0,0
2018,5,4,18,0,0,1,1,-16.64,2.315,-10.58,97.58,-32.2,98.81,MTWA,5103,0,0
2018,5,4,18,0,0,1,1,-16.6,2.277,-10.55,97.53,-32.18,98.76,MTWA,5107,0,0
2018,5,4,18,0,0,1,1,-16.57,2.183,-10.54,97.43,-32.18,98.64,MTWA,5112,0,0
2018,5,4,18,0,0,1,1,-16.53,2.144,-10.51,97.38,-32.15,98.59,MTWA,5116,0,0
2018,5,4,18,0,0,1,1,-16.49,2.051,-10.51,97.29,-32.15,98.47,MTWA,5120,0,0
2018,5,4,18,0,0,1,1,-16.45,2.012,-10.48,97.24,-32.13,98.42,MTWA,5124,0,0
2018,5,4,18,0,0,1,1,-16.41,1.974,-10.45,97.19,-32.1,98.36,MTWA,5129,0,0
2018,5,4,18,0,0,1,1,-16.38,1.879,-10.44,97.09,-32.1,98.25,MTWA,5133,0,0
2018,5,4,18,0,0,1,1,-16.34,1.841,-10.41,97.05,-32.07,98.19,MTWA,5137,0,0
2018,5,4,18,0,0,1,1,-16.3,1.803,-10.39,97,-32.05,98.13,MTWA,5141,0,0
2018,5,4,18,0,0,1,1,-16.27,1.708,-10.38,96.9,-32.05,98.02,MTWA,5146,0,0
2018,5,4,18,0,0,1,1,-16.23,1.67,-10.35,96.85,-32.02,97.96,MTWA,5150,0,0
2018,5,4,18,0,0,1,1,-16.19,1.631,-10.32,96.81,-31.99,97.91,MTWA,5154,0,0
2018,5,4,18,0,0,1,1,-16.15,1.537,-10.31,96.71,-31.99,97.79,MTWA,5159,0,0
2018,5,4,18,0,0,1,1,-16.11,1.498,-10.29,96.66,-31.96,97.73,MTWA,5163,0,0
2018,5,4,18,0,0,1,1,-16.07,1.46,-10.26,96.61,-31.94,97.68,MTWA,5167,0,0
2018,5,4,18,0,0,1,1,-16.04,1.365,-10.25,96.52,-31.94,97.56,MTWA,5171,0,0
2018,5,4,18,0,0,1,1,-16,1.327,-10.22,96.47,-31.91,97.51,MTWA,5176,0,0
2018,5,4,18,0,0,1,1,-15.96,1.289,-10.19,96.42,-31.88,97.45,MTWA,5180,0,0
2018,5,4,18,0,0,1,1,-15.92,1.193,-10.19,96.32,-31.88,97.34,MTWA,5184,0,0
2018,5,4,18,0,0,1,1,-15.88,1.155,-10.16,96.27,-31.85,97.28,MTWA,5189,0,0
2018,5,4,18,0,0,1,1,-15.85,1.059,-10.15,96.18,-31.85,97.16,MTWA,5193,0,0
2018,5,4,18,0,0,1,1,-15.81,1.021,-10.12,96.13,-31.83,97.11,MTWA,5197,0,0
2018,5,4,18,0,0,1,1,-15.77,0.9833,-10.09,96.08,-31.8,97.05,MTWA,5201,0,0
2018,5,4,18,0,0,1,1,-15.73,0.8873,-10.09,95.98,-31.8,96.94,MTWA,5206,0,0
2018,5,4,18,0,0,1,1,-15.69,0.8493,-10.06,95.93,-31.77,96.88,MTWA,5210,0,0
2018,5,4,18,0,0,1,1,-15.65,0.8113,-10.03,95.89,-31.74,96.82,MTWA,5214,0,0
2018,5,4,18,0,0,1,1,-15.62,0.715,-10.02,95.79,-31.74,96.71,MTWA,5219,0,0
2018,5,4,18,0,0,1,1,-15.58,0.677,-9.992,95.74,-31.71,96.65,MTWA,5223,0,0
2018,5,4,18,0,0,1,1,-15.54,0.6391,-9.962,95.69,-31.69,96.59,MTWA,5227,0,0
2018,5,4,18,0,0,1,1,-15.5,0.5425,-9.957,95.59,-31.69,96.48,MTWA,5231,0,0
2018,5,4,18,0,0,1,1,-15.46,0.5045,-9.927,95.54,-31.66,96.42,MTWA,5236,0,0
2018,5,4,18,0,0,1,1,-15.42,0.4667,-9.898,95.5,-31.63,96.37,MTWA,5240,0,0
2018,5,4,18,0,0,1,1,-15.39,0.3698,-9.893,95.4,-31.63,96.25,MTWA,5244,0,0
2018,5,4,18,0,0,1,1,-15.35,0.3319,-9.863,95.35,-31.6,96.19,MTWA,5249,0,0
2018,5,4,18,0,0,1,1,-15.3,0.2942,-9.833,95.3,-31.57,96.14,MTWA,5253,0,0
2018,5,4,18,0,0,1,1,-15.26,0.2564,-9.803,95.26,-31.55,96.08,MTWA,5257,0,0
2018,5,4,18,0,0,1,1,-15.23,0.1591,-9.798,95.15,-31.55,95.96,MTWA,5261,0,0
2018,5,4,18,0,0,1,1,-15.19,0.1214,-9.769,95.11,-31.52,95.91,MTWA,5266,0,0
2018,5,4,18,0,0,1,1,-15.15,0.08372,-9.739,95.06,-31.49,95.85,MTWA,5270,0,0
2018,5,4,18,0,0,1,1,-15.12,360,-9.734,94.96,-31.49,95.74,MTWA,5274,0,0
2018,5,4,18,0,0,1,1,-15.07,359.9,-9.704,94.91,-31.46,95.68,MTWA,5279,0,0
2018,5,4,18,0,0,1,1,-15.03,359.9,-9.675,94.86,-31.43,95.62,MTWA,5283,0,0
2018,5,4,18,0,0,1,1,-15,359.8,-9.67,94.76,-31.43,95.51,MTWA,5287,0,0
2018,5,4,18,0,0,1,1,-14.96,359.8,-9.64,94.72,-31.4,95.45,MTWA,5291,0,0
2018,5,4,18,0,0,1,1,-14.92,359.7,-9.611,94.67,-31.38,95.4,MTWA,5296,0,0
2018,5,4,18,0,0,1,1,-14.88,359.6,-9.607,94.57,-31.38,95.28,MTWA,5300,0,0
2018,5,4,18,0,0,1,1,-14.84,359.6,-9.577,94.52,-31.35,95.22,MTWA,5304,0,0
2018,5,4,18,0,0,1,1,-14.8,359.6,-9.547,94.47,-31.32,95.17,MTWA,5309,0,0
2018,5,4,18,0,0,1,1,-14.77,359.5,-9.543,94.37,-31.32,95.05,MTWA,5313,0,0
2018,5,4,18,0,0,1,1,-14.73,359.4,-9.513,94.32,-31.29,94.99,MTWA,5317,0,0
2018,5,4,18,0,0,1,1,-14.69,359.4,-9.484,94.28,-31.26,94.94,MTWA,5321,0,0
2018,5,4,18,0,0,1,1,-14.64,359.4,-9.454,94.23,-31.23,94.88,MTWA,5326,0,0
2018,5,4,18,0,0,1,1,-14.61,359.3,-9.45,94.13,-31.23,94.77,MTWA,5330,0,0
2018,5,4,18,0,0,1,1,-8.912,350.6,-6.398,84.27,-28.13,83.54,MTWA,6100,0,0
2018,5,4,18,0,0,1,1,26.83,111.5,39.32,210.3,47.16,190.7,MTWA,2140,0,0
