year,month,dom,hour,min,sec,kp,infi,algeo,apgeo,algsm,apgsm,algse,apgse,tag,rig,zen,azi
2018,5,4,18,0,0,1,1,-21.77,34.62,-8.391,128.8,-24.97,133.2,NAIN,1050,0,0
2018,5,4,18,0,0,1,1,-21.73,34.49,-8.382,128.7,-24.99,133,NAIN,1054,0,0
2018,5,4,18,0,0,1,1,-21.68,34.35,-8.352,128.6,-25,132.9,NAIN,1059,0,0
2018,5,4,18,0,0,1,1,-21.64,34.07,-8.363,128.3,-25.08,132.6,NAIN,1063,0,0
2018,5,4,18,0,0,1,1,-21.55,33.93,-8.292,128.1,-25.04,132.4,NAIN,1067,0,0
2018,5,4,18,0,0,1,1,-21.43,33.79,-8.205,128,-25,132.3,NAIN,1071,0,0
2018,5,4,18,0,0,1,1,-21.31,33.65,-8.103,127.8,-24.94,132.1,NAIN,1076,0,0
2018,5,4,18,0,0,1,1,-21.2,33.36,-8.048,127.5,-24.96,131.7,NAIN,1080,0,0
2018,5,4,18,0,0,1,1,-21.05,33.2,-7.929,127.4,-24.88,131.5,NAIN,1084,0,0
2018,5,4,18,0,0,1,1,-20.9,33.05,-7.807,127.2,-24.81,131.3,NAIN,1089,0,0
2018,5,4,18,0,0,1,1,-20.74,32.88,-7.686,127,-24.73,131.1,NAIN,1093,0,0
2018,5,4,18,0,0,1,1,-20.59,32.71,-7.569,126.8,-24.67,130.8,NAIN,1097,0,0
2018,5,4,18,0,0,1,1,-20.45,32.53,-7.461,126.6,-24.61,130.6,NAIN,1101,0,0
2018,5,4,18,0,0,1,1,-20.32,32.34,-7.363,126.4,-24.56,130.4,NAIN,1106,0,0
2018,5,4,18,0,0,1,1,-20.2,32.14,-7.278,126.2,-24.53,130.1,NAIN,1110,0,0
2018,5,4,18,0,0,1,1,-20.07,32.09,-7.159,126.2,-24.43,130,NAIN,1114,0,0
2018,5,4,18,0,0,1,1,-19.97,31.88,-7.106,125.9,-24.43,129.8,NAIN,1119,0,0
2018,5,4,18,0,0,1,1,-19.9,31.66,-7.071,125.7,-24.45,129.5,NAIN,1123,0,0
2018,5,4,18,0,0,1,1,-19.84,31.45,-7.052,125.5,-24.48,129.3,NAIN,1127,0,0
2018,5,4,18,0,0,1,1,-19.78,31.38,-7.003,125.4,-24.45,129.2,NAIN,1131,0,0
2018,5,4,18,0,0,1,1,-19.75,31.16,-7.017,125.2,-24.51,129,NAIN,1136,0,0
2018,5,4,18,0,0,1,1,-19.74,30.94,-7.045,125,-24.59,128.8,NAIN,1140,0,0
2018,5,4,18,0,0,1,1,-19.72,30.88,-7.039,125,-24.6,128.7,NAIN,1144,0,0
2018,5,4,18,0,0,1,1,-19.73,30.67,-7.09,124.8,-24.69,128.5,NAIN,1149,0,0
2018,5,4,18,0,0,1,1,-19.75,30.47,-7.148,124.6,-24.79,128.4,NAIN,1153,0,0
2018,5,4,18,0,0,1,1,-19.76,30.43,-7.166,124.5,-24.82,128.3,NAIN,1157,0,0
2018,5,4,18,0,0,1,1,-19.8,30.24,-7.232,124.4,-24.92,128.2,NAIN,1161,0,0
2018,5,4,18,0,0,1,1,-19.83,30.06,-7.298,124.2,-25.02,128,NAIN,1166,0,0
2018,5,4,18,0,0,1,1,-19.86,29.9,-7.361,124.1,-25.11,127.9,NAIN,1170,0,0
2018,5,4,18,0,0,1,1,-19.88,29.9,-7.374,124.1,-25.13,127.9,NAIN,1174,0,0
2018,5,4,18,0,0,1,1,-19.9,29.76,-7.425,124,-25.21,127.8,NAIN,1179,0,0
2018,5,4,18,0,0,1,1,-19.92,29.62,-7.466,123.8,-25.27,127.6,NAIN,1183,0,0
2018,5,4,18,0,0,1,1,-19.92,29.5,-7.496,123.7,-25.33,127.5,NAIN,1187,0,0
2018,5,4,18,0,0,1,1,-19.92,29.39,-7.513,123.6,-25.37,127.4,NAIN,1191,0,0
2018,5,4,18,0,0,1,1,-19.9,29.29,-7.516,123.5,-25.39,127.3,NAIN,1196,0,0
2018,5,4,18,0,0,1,1,-19.89,29.05,-7.548,123.3,-25.47,127.1,NAIN,1200,0,0
2018,5,4,18,0,0,1,1,-19.85,28.97,-7.52,123.2,-25.47,127,NAIN,1204,0,0
2018,5,4,18,0,0,1,1,-19.79,28.89,-7.476,123.1,-25.44,126.9,NAIN,1209,0,0
2018,5,4,18,0,0,1,1,-19.71,28.81,-7.417,123,-25.4,126.8,NAIN,1213,0,0
2018,5,4,18,0,0,1,1,-19.64,28.6,-7.385,122.8,-25.42,126.5,NAIN,1217,0,0
2018,5,4,18,0,0,1,1,-19.53,28.53,-7.296,122.7,-25.35,126.4,NAIN,1221,0,0
2018,5,4,18,0,0,1,1,-19.41,28.47,-7.194,122.7,-25.27,126.3,NAIN,1226,0,0
2018,5,4,18,0,0,1,1,-19.29,28.4,-7.08,122.6,-25.18,126.2,NAIN,1230,0,0
2018,5,4,18,0,0,1,1,-19.16,28.19,-6.995,122.3,-25.15,125.9,NAIN,1234,0,0
2018,5,4,18,0,0,1,1,-19.01,28.13,-6.861,122.3,-25.04,125.8,NAIN,1239,0,0
2018,5,4,18,0,0,1,1,-18.85,28.06,-6.72,122.2,-24.92,125.7,NAIN,1243,0,0
2018,5,4,18,0,0,1,1,-18.7,27.84,-6.613,121.9,-24.87,125.4,NAIN,1247,0,0
2018,5,4,18,0,0,1,1,-18.55,27.47,-6.54,121.5,-24.88,125,NAIN,1251,0,0
2018,5,4,18,0,0,1,1,-18.4,27.09,-6.467,121.2,-24.89,124.5,NAIN,1256,0,0
2018,5,4,18,0,0,1,1,-18.25,26.7,-6.396,120.8,-24.9,124.1,NAIN,1260,0,0
2018,5,4,18,0,0,1,1,-18.1,26.31,-6.328,120.4,-24.92,123.6,NAIN,1264,0,0
2018,5,4,18,0,0,1,1,-17.95,25.89,-6.266,119.9,-24.94,123.2,NAIN,1268,0,0
2018,5,4,18,0,0,1,1,-17.81,25.47,-6.213,119.5,-24.98,122.7,NAIN,1273,0,0
2018,5,4,18,0,0,1,1,-17.67,25.04,-6.17,119.1,-25.02,122.2,NAIN,1277,0,0
2018,5,4,18,0,0,1,1,-17.53,24.75,-6.094,118.8,-25,121.9,NAIN,1281,0,0
2018,5,4,18,0,0,1,1,-17.41,24.29,-6.075,118.3,-25.08,121.4,NAIN,1286,0,0
2018,5,4,18,0,0,1,1,-17.3,23.99,-6.024,118,-25.09,121.1,NAIN,1290,0,0
2018,5,4,18,0,0,1,1,-17.19,23.68,-5.986,117.7,-25.11,120.7,NAIN,1294,0,0
2018,5,4,18,0,0,1,1,-17.11,23.19,-6.011,117.2,-25.22,120.2,NAIN,1298,0,0
2018,5,4,18,0,0,1,1,-17.03,22.86,-6.002,116.9,-25.27,119.9,NAIN,1303,0,0
2018,5,4,18,0,0,1,1,-16.95,22.7,-5.958,116.7,-25.26,119.7,NAIN,1307,0,0
2018,5,4,18,0,0,1,1,-16.9,22.37,-5.977,116.4,-25.34,119.3,NAIN,1311,0,0
2018,5,4,18,0,0,1,1,-16.86,22.03,-6.01,116.1,-25.43,119,NAIN,1316,0,0
2018,5,4,18,0,0,1,1,-16.83,21.69,-6.054,115.8,-25.53,118.6,NAIN,1320,0,0
2018,5,4,18,0,0,1,1,-16.8,21.53,-6.059,115.6,-25.57,118.5,NAIN,1324,0,0
2018,5,4,18,0,0,1,1,-16.79,21.19,-6.125,115.3,-25.69,118.1,NAIN,1328,0,0
2018,5,4,18,0,0,1,1,-16.78,21.03,-6.148,115.1,-25.74,118,NAIN,1333,0,0
2018,5,4,18,0,0,1,1,-16.77,20.87,-6.178,115,-25.79,117.8,NAIN,1337,0,0
2018,5,4,18,0,0,1,1,-16.79,20.54,-6.266,114.7,-25.93,117.5,NAIN,1341,0,0
2018,5,4,18,0,0,1,1,-16.79,20.39,-6.306,114.5,-26,117.3,NAIN,1346,0,0
2018,5,4,18,0,0,1,1,-16.81,20.25,-6.348,114.4,-26.06,117.2,NAIN,1350,0,0
2018,5,4,18,0,0,1,1,-16.82,20.11,-6.391,114.3,-26.12,117.1,NAIN,1354,0,0
2018,5,4,18,0,0,1,1,-16.83,19.98,-6.434,114.2,-26.19,117,NAIN,1358,0,0
2018,5,4,18,0,0,1,1,-16.85,19.86,-6.475,114,-26.25,116.8,NAIN,1363,0,0
2018,5,4,18,0,0,1,1,-16.87,19.56,-6.567,113.8,-26.38,116.6,NAIN,1367,0,0
2018,5,4,18,0,0,1,1,-16.88,19.45,-6.601,113.7,-26.43,116.5,NAIN,1371,0,0
2018,5,4,18,0,0,1,1,-16.89,19.35,-6.628,113.6,-26.47,116.4,NAIN,1376,0,0
2018,5,4,18,0,0,1,1,-16.89,19.25,-6.649,113.5,-26.51,116.3,NAIN,1380,0,0
2018,5,4,18,0,0,1,1,-16.88,19.17,-6.662,113.4,-26.54,116.2,NAIN,1384,0,0
2018,5,4,18,0,0,1,1,-16.87,19.09,-6.667,113.3,-26.55,116.1,NAIN,1388,0,0
2018,5,4,18,0,0,1,1,-16.86,18.83,-6.717,113.1,-26.64,115.8,NAIN,1393,0,0
2018,5,4,18,0,0,1,1,-16.83,18.77,-6.702,113,-26.64,115.8,NAIN,1397,0,0
2018,5,4,18,0,0,1,1,-16.79,18.71,-6.676,113,-26.62,115.7,NAIN,1401,0,0
2018,5,4,18,0,0,1,1,-16.75,18.47,-6.695,112.7,-26.68,115.4,NAIN,1406,0,0
2018,5,4,18,0,0,1,1,-16.69,18.42,-6.648,112.7,-26.64,115.4,NAIN,1410,0,0
2018,5,4,18,0,0,1,1,-16.64,18.2,-6.646,112.4,-26.68,115.1,NAIN,1414,0,0
2018,5,4,18,0,0,1,1,-16.56,18.16,-6.576,112.4,-26.62,115,NAIN,1418,0,0
2018,5,4,18,0,0,1,1,-16.48,17.94,-6.552,112.2,-26.63,114.8,NAIN,1423,0,0
2018,5,4,18,0,0,1,1,-16.38,17.9,-6.461,112.1,-26.55,114.7,NAIN,1427,0,0
2018,5,4,18,0,0,1,1,-16.29,17.69,-6.418,111.9,-26.54,114.5,NAIN,1431,0,0
2018,5,4,18,0,0,1,1,-16.18,17.48,-6.365,111.7,-26.52,114.2,NAIN,1436,0,0
2018,5,4,18,0,0,1,1,-16.05,17.44,-6.246,111.6,-26.41,114.1,NAIN,1440,0,0
2018,5,4,18,0,0,1,1,-15.93,17.23,-6.177,111.4,-26.38,113.9,NAIN,1444,0,0
2018,5,4,18,0,0,1,1,-15.8,17.01,-6.101,111.1,-26.34,113.6,NAIN,1448,0,0
2018,5,4,18,0,0,1,1,-15.66,16.8,-6.019,110.9,-26.29,113.3,NAIN,1453,0,0
2018,5,4,18,0,0,1,1,-15.5,16.76,-5.871,110.8,-26.16,113.2,NAIN,1457,0,0
2018,5,4,18,0,0,1,1,-15.35,16.54,-5.78,110.6,-26.1,112.9,NAIN,1461,0,0
2018,5,4,18,0,0,1,1,-15.2,16.31,-5.686,110.3,-26.05,112.6,NAIN,1466,0,0
2018,5,4,18,0,0,1,1,-15.05,16.08,-5.591,110.1,-25.99,112.3,NAIN,1470,0,0
2018,5,4,18,0,0,1,1,-14.89,15.84,-5.495,109.8,-25.93,112,NAIN,1474,0,0
2018,5,4,18,0,0,1,1,-14.73,15.59,-5.398,109.5,-25.87,111.7,NAIN,1478,0,0
2018,5,4,18,0,0,1,1,-14.55,15.54,-5.239,109.4,-25.73,111.6,NAIN,1483,0,0
2018,5,4,18,0,0,1,1,-14.4,15.28,-5.145,109.2,-25.67,111.3,NAIN,1487,0,0
2018,5,4,18,0,0,1,1,-14.24,15.02,-5.056,108.9,-25.62,111,NAIN,1491,0,0
2018,5,4,18,0,0,1,1,-14.09,14.76,-4.97,108.6,-25.58,110.6,NAIN,1496,0,0
2018,5,4,18,0,0,1,1,-13.94,14.49,-4.891,108.3,-25.54,110.3,NAIN,1500,0,0
2018,5,4,18,0,0,1,1,-13.77,14.41,-4.748,108.2,-25.41,110.1,NAIN,1504,0,0
2018,5,4,18,0,0,1,1,-13.63,14.13,-4.679,107.9,-25.38,109.8,NAIN,1508,0,0
2018,5,4,18,0,0,1,1,-13.5,13.84,-4.619,107.6,-25.36,109.5,NAIN,1513,0,0
2018,5,4,18,0,0,1,1,-13.35,13.74,-4.495,107.4,-25.25,109.3,NAIN,1517,0,0
2018,5,4,18,0,0,1,1,-13.22,13.45,-4.45,107.1,-25.24,109,NAIN,1521,0,0
2018,5,4,18,0,0,1,1,-13.11,13.14,-4.414,106.8,-25.25,108.6,NAIN,1526,0,0
2018,5,4,18,0,0,1,1,-12.98,13.04,-4.315,106.7,-25.16,108.5,NAIN,1530,0,0
2018,5,4,18,0,0,1,1,-12.89,12.73,-4.297,106.4,-25.18,108.1,NAIN,1534,0,0
2018,5,4,18,0,0,1,1,-12.77,12.62,-4.214,106.2,-25.12,107.9,NAIN,1538,0,0
2018,5,4,18,0,0,1,1,-12.69,12.3,-4.215,105.9,-25.15,107.6,NAIN,1543,0,0
2018,5,4,18,0,0,1,1,-12.6,12.18,-4.15,105.8,-25.1,107.4,NAIN,1547,0,0
2018,5,4,18,0,0,1,1,-12.53,11.86,-4.17,105.5,-25.16,107.1,NAIN,1551,0,0
2018,5,4,18,0,0,1,1,-12.45,11.74,-4.122,105.3,-25.13,106.9,NAIN,1556,0,0
2018,5,4,18,0,0,1,1,-12.41,11.42,-4.16,105,-25.2,106.6,NAIN,1560,0,0
2018,5,4,18,0,0,1,1,-12.35,11.3,-4.129,104.9,-25.18,106.5,NAIN,1564,0,0
2018,5,4,18,0,0,1,1,-12.29,11.18,-4.106,104.8,-25.17,106.3,NAIN,1568,0,0
2018,5,4,18,0,0,1,1,-12.25,11.06,-4.091,104.6,-25.17,106.2,NAIN,1573,0,0
2018,5,4,18,0,0,1,1,-12.23,10.73,-4.16,104.3,-25.27,105.8,NAIN,1577,0,0
2018,5,4,18,0,0,1,1,-12.2,10.62,-4.158,104.2,-25.28,105.7,NAIN,1581,0,0
2018,5,4,18,0,0,1,1,-12.18,10.5,-4.162,104.1,-25.3,105.6,NAIN,1586,0,0
2018,5,4,18,0,0,1,1,-12.16,10.38,-4.172,104,-25.32,105.5,NAIN,1590,0,0
2018,5,4,18,0,0,1,1,-12.14,10.27,-4.186,103.9,-25.34,105.3,NAIN,1594,0,0
2018,5,4,18,0,0,1,1,-12.16,9.955,-4.283,103.6,-25.47,105,NAIN,1598,0,0
2018,5,4,18,0,0,1,1,-12.15,9.847,-4.306,103.5,-25.5,104.9,NAIN,1603,0,0
2018,5,4,18,0,0,1,1,-12.15,9.741,-4.331,103.4,-25.54,104.8,NAIN,1607,0,0
2018,5,4,18,0,0,1,1,-12.16,9.639,-4.359,103.3,-25.57,104.7,NAIN,1611,0,0
2018,5,4,18,0,0,1,1,-12.16,9.539,-4.389,103.2,-25.61,104.6,NAIN,1616,0,0
2018,5,4,18,0,0,1,1,-12.17,9.443,-4.42,103.1,-25.65,104.5,NAIN,1620,0,0
2018,5,4,18,0,0,1,1,-12.18,9.351,-4.451,103,-25.69,104.4,NAIN,1624,0,0
2018,5,4,18,0,0,1,1,-12.18,9.262,-4.483,102.9,-25.73,104.3,NAIN,1628,0,0
2018,5,4,18,0,0,1,1,-12.19,9.176,-4.513,102.8,-25.77,104.2,NAIN,1633,0,0
2018,5,4,18,0,0,1,1,-12.2,9.094,-4.543,102.8,-25.8,104.2,NAIN,1637,0,0
2018,5,4,18,0,0,1,1,-12.21,9.017,-4.571,102.7,-25.84,104.1,NAIN,1641,0,0
2018,5,4,18,0,0,1,1,-12.22,8.942,-4.596,102.6,-25.87,104,NAIN,1646,0,0
2018,5,4,18,0,0,1,1,-12.22,8.872,-4.619,102.6,-25.9,103.9,NAIN,1650,0,0
2018,5,4,18,0,0,1,1,-12.23,8.805,-4.638,102.5,-25.92,103.9,NAIN,1654,0,0
2018,5,4,18,0,0,1,1,-12.23,8.742,-4.654,102.4,-25.94,103.8,NAIN,1658,0,0
2018,5,4,18,0,0,1,1,-12.22,8.683,-4.666,102.4,-25.96,103.7,NAIN,1663,0,0
2018,5,4,18,0,0,1,1,-12.22,8.627,-4.673,102.3,-25.97,103.7,NAIN,1667,0,0
2018,5,4,18,0,0,1,1,-12.2,8.574,-4.676,102.3,-25.98,103.6,NAIN,1671,0,0
2018,5,4,18,0,0,1,1,-12.19,8.525,-4.673,102.2,-25.98,103.6,NAIN,1676,0,0
2018,5,4,18,0,0,1,1,-12.17,8.479,-4.665,102.2,-25.98,103.5,NAIN,1680,0,0
2018,5,4,18,0,0,1,1,-12.17,8.237,-4.731,101.9,-26.06,103.3,NAIN,1684,0,0
2018,5,4,18,0,0,1,1,-12.14,8.197,-4.712,101.9,-26.05,103.2,NAIN,1688,0,0
2018,5,4,18,0,0,1,1,-12.11,8.159,-4.687,101.8,-26.03,103.2,NAIN,1693,0,0
2018,5,4,18,0,0,1,1,-12.06,8.124,-4.656,101.8,-26,103.1,NAIN,1697,0,0
2018,5,4,18,0,0,1,1,-12.02,8.091,-4.619,101.8,-25.97,103.1,NAIN,1701,0,0
2018,5,4,18,0,0,1,1,-11.96,8.059,-4.576,101.7,-25.93,103,NAIN,1706,0,0
2018,5,4,18,0,0,1,1,-11.91,8.029,-4.527,101.7,-25.88,103,NAIN,1710,0,0
2018,5,4,18,0,0,1,1,-11.84,8.001,-4.473,101.6,-25.83,102.9,NAIN,1714,0,0
2018,5,4,18,0,0,1,1,-11.77,7.974,-4.412,101.6,-25.77,102.8,NAIN,1718,0,0
2018,5,4,18,0,0,1,1,-11.73,7.752,-4.425,101.4,-25.81,102.6,NAIN,1723,0,0
2018,5,4,18,0,0,1,1,-11.64,7.727,-4.353,101.3,-25.74,102.5,NAIN,1727,0,0
2018,5,4,18,0,0,1,1,-11.56,7.702,-4.275,101.3,-25.66,102.5,NAIN,1731,0,0
2018,5,4,18,0,0,1,1,-11.46,7.677,-4.192,101.2,-25.59,102.4,NAIN,1735,0,0
2018,5,4,18,0,0,1,1,-11.4,7.458,-4.185,101,-25.6,102.2,NAIN,1740,0,0
2018,5,4,18,0,0,1,1,-11.3,7.433,-4.092,100.9,-25.51,102.1,NAIN,1744,0,0
2018,5,4,18,0,0,1,1,-11.19,7.407,-3.995,100.9,-25.41,102.1,NAIN,1748,0,0
2018,5,4,18,0,0,1,1,-11.08,7.381,-3.893,100.8,-25.32,102,NAIN,1753,0,0
2018,5,4,18,0,0,1,1,-10.99,7.16,-3.869,100.6,-25.31,101.7,NAIN,1757,0,0
2018,5,4,18,0,0,1,1,-10.87,7.132,-3.76,100.5,-25.21,101.7,NAIN,1761,0,0
2018,5,4,18,0,0,1,1,-10.75,7.103,-3.647,100.5,-25.1,101.6,NAIN,1765,0,0
2018,5,4,18,0,0,1,1,-10.62,7.072,-3.532,100.4,-24.99,101.5,NAIN,1770,0,0
2018,5,4,18,0,0,1,1,-10.52,6.846,-3.496,100.2,-24.97,101.2,NAIN,1774,0,0
2018,5,4,18,0,0,1,1,-10.39,6.812,-3.376,100.1,-24.86,101.1,NAIN,1778,0,0
2018,5,4,18,0,0,1,1,-10.25,6.776,-3.253,100,-24.74,101.1,NAIN,1783,0,0
2018,5,4,18,0,0,1,1,-10.15,6.545,-3.212,99.8,-24.72,100.8,NAIN,1787,0,0
2018,5,4,18,0,0,1,1,-10.01,6.505,-3.088,99.72,-24.6,100.7,NAIN,1791,0,0
2018,5,4,18,0,0,1,1,-9.864,6.463,-2.962,99.65,-24.48,100.6,NAIN,1795,0,0
2018,5,4,18,0,0,1,1,-9.756,6.225,-2.92,99.39,-24.45,100.3,NAIN,1800,0,0
2018,5,4,18,0,0,1,1,-9.612,6.178,-2.794,99.31,-24.33,100.2,NAIN,1804,0,0
2018,5,4,18,0,0,1,1,-9.468,6.129,-2.668,99.22,-24.21,100.1,NAIN,1808,0,0
2018,5,4,18,0,0,1,1,-9.36,5.884,-2.627,98.96,-24.19,99.82,NAIN,1813,0,0
2018,5,4,18,0,0,1,1,-9.216,5.83,-2.503,98.87,-24.07,99.72,NAIN,1817,0,0
2018,5,4,18,0,0,1,1,-9.073,5.774,-2.38,98.78,-23.95,99.61,NAIN,1821,0,0
2018,5,4,18,0,0,1,1,-8.967,5.522,-2.344,98.51,-23.93,99.31,NAIN,1825,0,0
2018,5,4,18,0,0,1,1,-8.826,5.461,-2.224,98.42,-23.82,99.2,NAIN,1830,0,0
2018,5,4,18,0,0,1,1,-8.687,5.397,-2.107,98.32,-23.71,99.09,NAIN,1834,0,0
2018,5,4,18,0,0,1,1,-8.586,5.138,-2.078,98.04,-23.69,98.79,NAIN,1838,0,0
2018,5,4,18,0,0,1,1,-8.451,5.07,-1.966,97.94,-23.59,98.67,NAIN,1843,0,0
2018,5,4,18,0,0,1,1,-8.318,5,-1.856,97.84,-23.48,98.55,NAIN,1847,0,0
2018,5,4,18,0,0,1,1,-8.225,4.734,-1.837,97.56,-23.48,98.25,NAIN,1851,0,0
2018,5,4,18,0,0,1,1,-8.098,4.66,-1.734,97.46,-23.38,98.13,NAIN,1855,0,0
2018,5,4,18,0,0,1,1,-7.974,4.584,-1.635,97.35,-23.29,98.01,NAIN,1860,0,0
2018,5,4,18,0,0,1,1,-7.891,4.313,-1.627,97.07,-23.3,97.7,NAIN,1864,0,0
2018,5,4,18,0,0,1,1,-7.774,4.233,-1.535,96.96,-23.21,97.58,NAIN,1868,0,0
2018,5,4,18,0,0,1,1,-7.661,4.152,-1.447,96.85,-23.13,97.46,NAIN,1873,0,0
2018,5,4,18,0,0,1,1,-7.551,4.07,-1.363,96.75,-23.05,97.34,NAIN,1877,0,0
2018,5,4,18,0,0,1,1,-7.483,3.792,-1.372,96.46,-23.07,97.03,NAIN,1881,0,0
2018,5,4,18,0,0,1,1,-7.381,3.707,-1.297,96.35,-23,96.91,NAIN,1885,0,0
2018,5,4,18,0,0,1,1,-7.284,3.622,-1.226,96.25,-22.93,96.79,NAIN,1890,0,0
2018,5,4,18,0,0,1,1,-7.191,3.535,-1.16,96.14,-22.87,96.67,NAIN,1894,0,0
2018,5,4,18,0,0,1,1,-7.14,3.254,-1.186,95.86,-22.91,96.36,NAIN,1898,0,0
2018,5,4,18,0,0,1,1,-7.056,3.166,-1.128,95.75,-22.86,96.24,NAIN,1903,0,0
2018,5,4,18,0,0,1,1,-6.975,3.077,-1.075,95.64,-22.81,96.12,NAIN,1907,0,0
2018,5,4,18,0,0,1,1,-6.899,2.988,-1.026,95.54,-22.76,96.01,NAIN,1911,0,0
2018,5,4,18,0,0,1,1,-6.828,2.899,-0.9808,95.43,-22.72,95.89,NAIN,1915,0,0
2018,5,4,18,0,0,1,1,-6.8,2.616,-1.03,95.15,-22.78,95.59,NAIN,1920,0,0
2018,5,4,18,0,0,1,1,-6.737,2.527,-0.9938,95.05,-22.75,95.48,NAIN,1924,0,0
2018,5,4,18,0,0,1,1,-6.679,2.438,-0.9615,94.95,-22.72,95.37,NAIN,1928,0,0
2018,5,4,18,0,0,1,1,-6.625,2.349,-0.9333,94.85,-22.7,95.26,NAIN,1933,0,0
2018,5,4,18,0,0,1,1,-6.574,2.261,-0.9089,94.75,-22.68,95.15,NAIN,1937,0,0
2018,5,4,18,0,0,1,1,-6.529,2.174,-0.8883,94.66,-22.66,95.05,NAIN,1941,0,0
2018,5,4,18,0,0,1,1,-6.526,1.893,-0.9617,94.39,-22.74,94.76,NAIN,1945,0,0
2018,5,4,18,0,0,1,1,-6.488,1.807,-0.9485,94.3,-22.73,94.66,NAIN,1950,0,0
2018,5,4,18,0,0,1,1,-6.454,1.722,-0.9387,94.21,-22.72,94.56,NAIN,1954,0,0
2018,5,4,18,0,0,1,1,-6.423,1.638,-0.9321,94.12,-22.72,94.46,NAIN,1958,0,0
2018,5,4,18,0,0,1,1,-6.396,1.555,-0.9286,94.03,-22.72,94.37,NAIN,1963,0,0
2018,5,4,18,0,0,1,1,-6.372,1.473,-0.928,93.95,-22.72,94.28,NAIN,1967,0,0
2018,5,4,18,0,0,1,1,-6.352,1.392,-0.9301,93.86,-22.72,94.19,NAIN,1971,0,0
2018,5,4,18,0,0,1,1,-6.334,1.312,-0.9348,93.78,-22.73,94.1,NAIN,1975,0,0
2018,5,4,18,0,0,1,1,-6.359,1.042,-1.033,93.53,-22.84,93.83,NAIN,1980,0,0
2018,5,4,18,0,0,1,1,-6.348,0.9659,-1.042,93.45,-22.85,93.75,NAIN,1984,0,0
2018,5,4,18,0,0,1,1,-6.338,0.8908,-1.054,93.38,-22.86,93.67,NAIN,1988,0,0
2018,5,4,18,0,0,1,1,-6.332,0.8175,-1.067,93.31,-22.88,93.59,NAIN,1993,0,0
2018,5,4,18,0,0,1,1,-6.327,0.7457,-1.082,93.24,-22.89,93.52,NAIN,1997,0,0
2018,5,4,18,0,0,1,1,-6.324,0.6757,-1.098,93.17,-22.91,93.44,NAIN,2001,0,0
2018,5,4,18,0,0,1,1,-6.323,0.6073,-1.116,93.1,-22.93,93.37,NAIN,2005,0,0
2018,5,4,18,0,0,1,1,-6.324,0.5408,-1.135,93.04,-22.95,93.3,NAIN,2010,0,0
2018,5,4,18,0,0,1,1,-6.326,0.4761,-1.155,92.98,-22.97,93.24,NAIN,2014,0,0
2018,5,4,18,0,0,1,1,-6.33,0.413,-1.175,92.92,-22.99,93.17,NAIN,2018,0,0
2018,5,4,18,0,0,1,1,-6.334,0.3519,-1.197,92.86,-23.01,93.11,NAIN,2023,0,0
2018,5,4,18,0,0,1,1,-6.34,0.2925,-1.218,92.81,-23.04,93.05,NAIN,2027,0,0
2018,5,4,18,0,0,1,1,-6.346,0.2351,-1.24,92.75,-23.06,92.99,NAIN,2031,0,0
2018,5,4,18,0,0,1,1,-6.353,0.1794,-1.261,92.7,-23.08,92.94,NAIN,2035,0,0
2018,5,4,18,0,0,1,1,-6.36,0.1256,-1.283,92.65,-23.11,92.89,NAIN,2040,0,0
2018,5,4,18,0,0,1,1,-6.367,0.07371,-1.304,92.61,-23.13,92.83,NAIN,2044,0,0
2018,5,4,18,0,0,1,1,-6.374,0.02351,-1.325,92.56,-23.15,92.79,NAIN,2048,0,0
2018,5,4,18,0,0,1,1,-6.381,360,-1.345,92.52,-23.17,92.74,NAIN,2053,0,0
2018,5,4,18,0,0,1,1,-6.388,359.9,-1.364,92.47,-23.19,92.69,NAIN,2057,0,0
2018,5,4,18,0,0,1,1,-6.394,359.9,-1.382,92.43,-23.21,92.65,NAIN,2061,0,0
2018,5,4,18,0,0,1,1,-6.399,359.8,-1.399,92.39,-23.23,92.6,NAIN,2065,0,0
2018,5,4,18,0,0,1,1,-6.404,359.8,-1.415,92.35,-23.24,92.56,NAIN,2070,0,0
2018,5,4,18,0,0,1,1,-6.408,359.8,-1.429,92.32,-23.26,92.52,NAIN,2074,0,0
2018,5,4,18,0,0,1,1,-6.411,359.7,-1.442,92.28,-23.27,92.48,NAIN,2078,0,0
2018,5,4,18,0,0,1,1,-6.412,359.7,-1.454,92.25,-23.28,92.45,NAIN,2083,0,0
2018,5,4,18,0,0,1,1,-6.412,359.7,-1.463,92.21,-23.29,92.41,NAIN,2087,0,0
2018,5,4,18,0,0,1,1,-6.411,359.6,-1.471,92.18,-23.3,92.38,NAIN,2091,0,0
2018,5,4,18,0,0,1,1,-6.408,359.6,-1.477,92.15,-23.31,92.34,NAIN,2095,0,0
2018,5,4,18,0,0,1,1,-6.403,359.6,-1.481,92.12,-23.31,92.31,NAIN,2100,0,0
2018,5,4,18,0,0,1,1,-6.396,359.5,-1.482,92.09,-23.31,92.28,NAIN,2104,0,0
2018,5,4,18,0,0,1,1,-6.388,359.5,-1.482,92.06,-23.31,92.25,NAIN,2108,0,0
2018,5,4,18,0,0,1,1,-6.377,359.5,-1.479,92.03,-23.31,92.22,NAIN,2112,0,0
2018,5,4,18,0,0,1,1,-6.365,359.4,-1.474,92.01,-23.31,92.19,NAIN,2117,0,0
2018,5,4,18,0,0,1,1,-6.35,359.4,-1.466,91.98,-23.3,92.16,NAIN,2121,0,0
2018,5,4,18,0,0,1,1,-6.333,359.4,-1.456,91.95,-23.29,92.13,NAIN,2125,0,0
2018,5,4,18,0,0,1,1,-6.314,359.4,-1.444,91.93,-23.28,92.1,NAIN,2130,0,0
2018,5,4,18,0,0,1,1,-6.292,359.4,-1.429,91.9,-23.26,92.07,NAIN,2134,0,0
2018,5,4,18,0,0,1,1,-6.268,359.3,-1.411,91.87,-23.25,92.04,NAIN,2138,0,0
2018,5,4,18,0,0,1,1,-6.242,359.3,-1.391,91.85,-23.23,92.01,NAIN,2142,0,0
2018,5,4,18,0,0,1,1,-6.213,359.3,-1.368,91.82,-23.2,91.98,NAIN,2147,0,0
2018,5,4,18,0,0,1,1,-6.181,359.3,-1.343,91.8,-23.18,91.96,NAIN,2151,0,0
2018,5,4,18,0,0,1,1,-6.147,359.3,-1.315,91.77,-23.15,91.93,NAIN,2155,0,0
2018,5,4,18,0,0,1,1,-6.111,359.2,-1.285,91.74,-23.12,91.9,NAIN,2160,0,0
2018,5,4,18,0,0,1,1,-6.072,359.2,-1.252,91.72,-23.09,91.87,NAIN,2164,0,0
2018,5,4,18,0,0,1,1,-6.03,359.2,-1.216,91.69,-23.05,91.84,NAIN,2168,0,0
2018,5,4,18,0,0,1,1,-5.986,359.2,-1.178,91.66,-23.02,91.81,NAIN,2172,0,0
2018,5,4,18,0,0,1,1,-5.939,359.2,-1.137,91.64,-22.98,91.78,NAIN,2177,0,0
2018,5,4,18,0,0,1,1,-5.889,359.2,-1.094,91.61,-22.93,91.75,NAIN,2181,0,0
2018,5,4,18,0,0,1,1,-5.837,359.2,-1.048,91.58,-22.89,91.71,NAIN,2185,0,0
2018,5,4,18,0,0,1,1,-5.783,359.1,-1,91.55,-22.84,91.68,NAIN,2190,0,0
2018,5,4,18,0,0,1,1,-5.726,359.1,-0.9497,91.52,-22.79,91.65,NAIN,2194,0,0
2018,5,4,18,0,0,1,1,-5.707,358.9,-0.984,91.33,-22.83,91.45,NAIN,2198,0,0
2018,5,4,18,0,0,1,1,-5.646,358.9,-0.929,91.3,-22.77,91.41,NAIN,2202,0,0
2018,5,4,18,0,0,1,1,-5.582,358.9,-0.8717,91.27,-22.71,91.37,NAIN,2207,0,0
2018,5,4,18,0,0,1,1,-5.516,358.9,-0.8124,91.23,-22.65,91.34,NAIN,2211,0,0
2018,5,4,18,0,0,1,1,-5.447,358.9,-0.7508,91.2,-22.59,91.3,NAIN,2215,0,0
2018,5,4,18,0,0,1,1,-5.376,358.9,-0.6874,91.16,-22.53,91.26,NAIN,2220,0,0
2018,5,4,18,0,0,1,1,-5.303,358.8,-0.6221,91.13,-22.47,91.22,NAIN,2224,0,0
2018,5,4,18,0,0,1,1,-5.228,358.8,-0.5547,91.09,-22.4,91.18,NAIN,2228,0,0
2018,5,4,18,0,0,1,1,-5.151,358.8,-0.4858,91.05,-22.33,91.14,NAIN,2232,0,0
2018,5,4,18,0,0,1,1,-5.072,358.8,-0.415,91.01,-22.26,91.09,NAIN,2237,0,0
2018,5,4,18,0,0,1,1,-4.991,358.8,-0.3427,90.97,-22.19,91.05,NAIN,2241,0,0
2018,5,4,18,0,0,1,1,-4.909,358.7,-0.2687,90.93,-22.11,91,NAIN,2245,0,0
2018,5,4,18,0,0,1,1,-4.824,358.7,-0.1934,90.89,-22.04,90.96,NAIN,2250,0,0
2018,5,4,18,0,0,1,1,-4.738,358.7,-0.1168,90.84,-21.96,90.91,NAIN,2254,0,0
2018,5,4,18,0,0,1,1,-4.692,358.5,-0.1252,90.65,-21.97,90.7,NAIN,2258,0,0
2018,5,4,18,0,0,1,1,-4.603,358.5,-0.04619,90.6,-21.89,90.65,NAIN,2262,0,0
2018,5,4,18,0,0,1,1,-4.513,358.5,0.03406,90.55,-21.81,90.59,NAIN,2267,0,0
2018,5,4,18,0,0,1,1,-4.421,358.4,0.1151,90.5,-21.73,90.54,NAIN,2271,0,0
2018,5,4,18,0,0,1,1,-4.328,358.4,0.1973,90.45,-21.65,90.49,NAIN,2275,0,0
2018,5,4,18,0,0,1,1,-4.234,358.4,0.28,90.4,-21.57,90.43,NAIN,2280,0,0
2018,5,4,18,0,0,1,1,-4.139,358.4,0.3635,90.35,-21.48,90.37,NAIN,2284,0,0
2018,5,4,18,0,0,1,1,-4.043,358.3,0.4478,90.29,-21.4,90.31,NAIN,2288,0,0
2018,5,4,18,0,0,1,1,-3.947,358.3,0.5324,90.24,-21.32,90.25,NAIN,2292,0,0
2018,5,4,18,0,0,1,1,-3.849,358.3,0.6176,90.18,-21.23,90.19,NAIN,2297,0,0
2018,5,4,18,0,0,1,1,-3.793,358.1,0.6171,89.97,-21.23,89.97,NAIN,2301,0,0
2018,5,4,18,0,0,1,1,-3.694,358,0.7028,89.92,-21.15,89.91,NAIN,2305,0,0
2018,5,4,18,0,0,1,1,-3.595,358,0.7886,89.86,-21.06,89.84,NAIN,2310,0,0
2018,5,4,18,0,0,1,1,-3.495,358,0.8743,89.79,-20.97,89.78,NAIN,2314,0,0
2018,5,4,18,0,0,1,1,-3.395,357.9,0.9603,89.73,-20.89,89.71,NAIN,2318,0,0
2018,5,4,18,0,0,1,1,-3.295,357.9,1.046,89.67,-20.8,89.64,NAIN,2322,0,0
2018,5,4,18,0,0,1,1,-3.195,357.9,1.132,89.6,-20.72,89.57,NAIN,2327,0,0
2018,5,4,18,0,0,1,1,-3.095,357.8,1.217,89.54,-20.63,89.5,NAIN,2331,0,0
2018,5,4,18,0,0,1,1,-2.994,357.8,1.302,89.47,-20.55,89.43,NAIN,2335,0,0
2018,5,4,18,0,0,1,1,-2.936,357.6,1.301,89.26,-20.55,89.21,NAIN,2340,0,0
2018,5,4,18,0,0,1,1,-2.837,357.5,1.385,89.19,-20.46,89.13,NAIN,2344,0,0
2018,5,4,18,0,0,1,1,-2.737,357.5,1.468,89.12,-20.38,89.06,NAIN,2348,0,0
2018,5,4,18,0,0,1,1,-2.638,357.4,1.551,89.05,-20.29,88.99,NAIN,2352,0,0
2018,5,4,18,0,0,1,1,-2.539,357.4,1.633,88.98,-20.21,88.91,NAIN,2357,0,0
2018,5,4,18,0,0,1,1,-2.441,357.3,1.714,88.9,-20.13,88.83,NAIN,2361,0,0
2018,5,4,18,0,0,1,1,-2.344,357.3,1.794,88.83,-20.05,88.76,NAIN,2365,0,0
2018,5,4,18,0,0,1,1,-2.247,357.2,1.873,88.76,-19.97,88.68,NAIN,2370,0,0
2018,5,4,18,0,0,1,1,-2.193,357,1.867,88.54,-19.97,88.45,NAIN,2374,0,0
2018,5,4,18,0,0,1,1,-2.098,357,1.944,88.47,-19.9,88.37,NAIN,2378,0,0
2018,5,4,18,0,0,1,1,-2.004,356.9,2.02,88.39,-19.82,88.29,NAIN,2382,0,0
2018,5,4,18,0,0,1,1,-1.91,356.9,2.095,88.31,-19.74,88.21,NAIN,2387,0,0
2018,5,4,18,0,0,1,1,-1.818,356.8,2.169,88.24,-19.67,88.13,NAIN,2391,0,0
2018,5,4,18,0,0,1,1,-1.726,356.8,2.241,88.16,-19.6,88.05,NAIN,2395,0,0
2018,5,4,18,0,0,1,1,-1.636,356.7,2.312,88.08,-19.52,87.96,NAIN,2400,0,0
2018,5,4,18,0,0,1,1,-1.548,356.7,2.382,88,-19.45,87.88,NAIN,2404,0,0
2018,5,4,18,0,0,1,1,-1.46,356.6,2.45,87.92,-19.38,87.8,NAIN,2408,0,0
2018,5,4,18,0,0,1,1,-1.416,356.4,2.433,87.7,-19.4,87.57,NAIN,2412,0,0
2018,5,4,18,0,0,1,1,-1.331,356.3,2.498,87.62,-19.33,87.48,NAIN,2417,0,0
2018,5,4,18,0,0,1,1,-1.247,356.3,2.562,87.54,-19.27,87.4,NAIN,2421,0,0
2018,5,4,18,0,0,1,1,-1.165,356.2,2.624,87.46,-19.2,87.32,NAIN,2425,0,0
2018,5,4,18,0,0,1,1,-1.084,356.2,2.685,87.38,-19.14,87.23,NAIN,2430,0,0
2018,5,4,18,0,0,1,1,-1.005,356.1,2.744,87.3,-19.08,87.15,NAIN,2434,0,0
2018,5,4,18,0,0,1,1,-0.9273,356,2.801,87.22,-19.02,87.07,NAIN,2438,0,0
2018,5,4,18,0,0,1,1,-0.8512,356,2.857,87.14,-18.96,86.98,NAIN,2442,0,0
2018,5,4,18,0,0,1,1,-0.7766,355.9,2.911,87.06,-18.91,86.9,NAIN,2447,0,0
2018,5,4,18,0,0,1,1,-0.7038,355.9,2.964,86.98,-18.85,86.82,NAIN,2451,0,0
2018,5,4,18,0,0,1,1,-0.6747,355.6,2.931,86.77,-18.88,86.59,NAIN,2455,0,0
2018,5,4,18,0,0,1,1,-0.6052,355.6,2.98,86.69,-18.83,86.5,NAIN,2460,0,0
2018,5,4,18,0,0,1,1,-0.5375,355.5,3.027,86.61,-18.78,86.42,NAIN,2464,0,0
2018,5,4,18,0,0,1,1,-0.4714,355.4,3.073,86.53,-18.74,86.34,NAIN,2468,0,0
2018,5,4,18,0,0,1,1,-0.4071,355.4,3.117,86.45,-18.69,86.26,NAIN,2472,0,0
2018,5,4,18,0,0,1,1,-0.3444,355.3,3.159,86.37,-18.65,86.17,NAIN,2477,0,0
2018,5,4,18,0,0,1,1,-0.2835,355.3,3.199,86.29,-18.6,86.09,NAIN,2481,0,0
2018,5,4,18,0,0,1,1,-0.2243,355.2,3.238,86.21,-18.56,86.01,NAIN,2485,0,0
2018,5,4,18,0,0,1,1,-0.167,355.1,3.275,86.14,-18.52,85.93,NAIN,2490,0,0
2018,5,4,18,0,0,1,1,-0.1115,355.1,3.31,86.06,-18.49,85.85,NAIN,2494,0,0
2018,5,4,18,0,0,1,1,-0.09957,354.8,3.261,85.85,-18.53,85.63,NAIN,2498,0,0
2018,5,4,18,0,0,1,1,-0.04763,354.8,3.293,85.77,-18.5,85.55,NAIN,2502,0,0
2018,5,4,18,0,0,1,1,0.002658,354.7,3.323,85.7,-18.46,85.47,NAIN,2507,0,0
2018,5,4,18,0,0,1,1,0.05108,354.7,3.352,85.62,-18.43,85.39,NAIN,2511,0,0
2018,5,4,18,0,0,1,1,0.09786,354.6,3.379,85.55,-18.4,85.32,NAIN,2515,0,0
2018,5,4,18,0,0,1,1,0.1428,354.5,3.404,85.48,-18.38,85.24,NAIN,2520,0,0
2018,5,4,18,0,0,1,1,0.186,354.5,3.428,85.4,-18.35,85.16,NAIN,2524,0,0
2018,5,4,18,0,0,1,1,0.2276,354.4,3.45,85.33,-18.32,85.09,NAIN,2528,0,0
2018,5,4,18,0,0,1,1,0.2674,354.3,3.471,85.26,-18.3,85.02,NAIN,2532,0,0
2018,5,4,18,0,0,1,1,0.3055,354.3,3.49,85.19,-18.28,84.94,NAIN,2537,0,0
2018,5,4,18,0,0,1,1,0.342,354.2,3.507,85.12,-18.26,84.87,NAIN,2541,0,0
2018,5,4,18,0,0,1,1,0.3768,354.2,3.524,85.05,-18.24,84.8,NAIN,2545,0,0
2018,5,4,18,0,0,1,1,0.3684,354,3.456,84.85,-18.3,84.59,NAIN,2550,0,0
2018,5,4,18,0,0,1,1,0.3998,353.9,3.469,84.79,-18.29,84.52,NAIN,2554,0,0
2018,5,4,18,0,0,1,1,0.4298,353.8,3.481,84.72,-18.27,84.45,NAIN,2558,0,0
2018,5,4,18,0,0,1,1,0.4582,353.8,3.491,84.66,-18.26,84.38,NAIN,2562,0,0
2018,5,4,18,0,0,1,1,0.485,353.7,3.501,84.59,-18.25,84.31,NAIN,2567,0,0
2018,5,4,18,0,0,1,1,0.5103,353.7,3.508,84.53,-18.24,84.25,NAIN,2571,0,0
2018,5,4,18,0,0,1,1,0.5342,353.6,3.515,84.47,-18.23,84.18,NAIN,2575,0,0
2018,5,4,18,0,0,1,1,0.5566,353.5,3.52,84.41,-18.22,84.12,NAIN,2579,0,0
2018,5,4,18,0,0,1,1,0.5776,353.5,3.524,84.35,-18.22,84.06,NAIN,2584,0,0
2018,5,4,18,0,0,1,1,0.5972,353.4,3.528,84.29,-18.21,83.99,NAIN,2588,0,0
2018,5,4,18,0,0,1,1,0.6154,353.4,3.529,84.23,-18.21,83.93,NAIN,2592,0,0
2018,5,4,18,0,0,1,1,0.6324,353.3,3.53,84.17,-18.2,83.87,NAIN,2597,0,0
2018,5,4,18,0,0,1,1,0.648,353.3,3.53,84.12,-18.2,83.82,NAIN,2601,0,0
2018,5,4,18,0,0,1,1,0.6624,353.2,3.529,84.06,-18.2,83.76,NAIN,2605,0,0
2018,5,4,18,0,0,1,1,0.6756,353.2,3.527,84.01,-18.2,83.7,NAIN,2609,0,0
2018,5,4,18,0,0,1,1,0.6875,353.1,3.524,83.95,-18.2,83.65,NAIN,2614,0,0
2018,5,4,18,0,0,1,1,0.6984,353.1,3.52,83.9,-18.2,83.59,NAIN,2618,0,0
2018,5,4,18,0,0,1,1,0.7082,353,3.515,83.85,-18.21,83.54,NAIN,2622,0,0
2018,5,4,18,0,0,1,1,0.6757,352.8,3.428,83.67,-18.29,83.35,NAIN,2627,0,0
2018,5,4,18,0,0,1,1,0.6833,352.8,3.422,83.63,-18.29,83.29,NAIN,2631,0,0
2018,5,4,18,0,0,1,1,0.69,352.7,3.415,83.58,-18.29,83.24,NAIN,2635,0,0
2018,5,4,18,0,0,1,1,0.6957,352.7,3.407,83.53,-18.3,83.2,NAIN,2639,0,0
2018,5,4,18,0,0,1,1,0.7005,352.6,3.398,83.49,-18.31,83.15,NAIN,2644,0,0
2018,5,4,18,0,0,1,1,0.7044,352.6,3.389,83.44,-18.31,83.1,NAIN,2648,0,0
2018,5,4,18,0,0,1,1,0.7075,352.5,3.38,83.4,-18.32,83.05,NAIN,2652,0,0
2018,5,4,18,0,0,1,1,0.7099,352.5,3.37,83.36,-18.33,83.01,NAIN,2657,0,0
2018,5,4,18,0,0,1,1,0.7114,352.5,3.359,83.31,-18.34,82.97,NAIN,2661,0,0
2018,5,4,18,0,0,1,1,0.7123,352.4,3.348,83.27,-18.35,82.92,NAIN,2665,0,0
2018,5,4,18,0,0,1,1,0.7125,352.4,3.337,83.24,-18.36,82.88,NAIN,2669,0,0
2018,5,4,18,0,0,1,1,0.7121,352.3,3.325,83.2,-18.37,82.84,NAIN,2674,0,0
2018,5,4,18,0,0,1,1,0.7111,352.3,3.313,83.16,-18.38,82.8,NAIN,2678,0,0
2018,5,4,18,0,0,1,1,0.7095,352.3,3.3,83.12,-18.39,82.76,NAIN,2682,0,0
2018,5,4,18,0,0,1,1,0.7075,352.2,3.288,83.09,-18.4,82.72,NAIN,2687,0,0
2018,5,4,18,0,0,1,1,0.705,352.2,3.275,83.05,-18.41,82.69,NAIN,2691,0,0
2018,5,4,18,0,0,1,1,0.702,352.1,3.262,83.02,-18.42,82.65,NAIN,2695,0,0
2018,5,4,18,0,0,1,1,0.6987,352.1,3.249,82.99,-18.43,82.62,NAIN,2699,0,0
2018,5,4,18,0,0,1,1,0.695,352.1,3.235,82.96,-18.45,82.58,NAIN,2704,0,0
2018,5,4,18,0,0,1,1,0.691,352,3.222,82.92,-18.46,82.55,NAIN,2708,0,0
2018,5,4,18,0,0,1,1,0.6868,352,3.209,82.89,-18.47,82.52,NAIN,2712,0,0
2018,5,4,18,0,0,1,1,0.6823,352,3.195,82.87,-18.48,82.48,NAIN,2717,0,0
2018,5,4,18,0,0,1,1,0.6776,351.9,3.182,82.84,-18.49,82.45,NAIN,2721,0,0
2018,5,4,18,0,0,1,1,0.6728,351.9,3.169,82.81,-18.5,82.42,NAIN,2725,0,0
2018,5,4,18,0,0,1,1,0.6679,351.9,3.156,82.78,-18.52,82.4,NAIN,2729,0,0
2018,5,4,18,0,0,1,1,0.6628,351.9,3.143,82.76,-18.53,82.37,NAIN,2734,0,0
2018,5,4,18,0,0,1,1,0.6578,351.8,3.13,82.73,-18.54,82.34,NAIN,2738,0,0
2018,5,4,18,0,0,1,1,0.6527,351.8,3.118,82.71,-18.55,82.31,NAIN,2742,0,0
2018,5,4,18,0,0,1,1,0.6476,351.8,3.105,82.68,-18.56,82.29,NAIN,2747,0,0
2018,5,4,18,0,0,1,1,0.6426,351.7,3.093,82.66,-18.57,82.26,NAIN,2751,0,0
2018,5,4,18,0,0,1,1,0.6377,351.7,3.082,82.64,-18.58,82.24,NAIN,2755,0,0
2018,5,4,18,0,0,1,1,0.6329,351.7,3.07,82.62,-18.59,82.22,NAIN,2759,0,0
2018,5,4,18,0,0,1,1,0.6283,351.7,3.059,82.6,-18.6,82.19,NAIN,2764,0,0
2018,5,4,18,0,0,1,1,0.6239,351.7,3.049,82.58,-18.61,82.17,NAIN,2768,0,0
2018,5,4,18,0,0,1,1,0.6197,351.6,3.039,82.56,-18.62,82.15,NAIN,2772,0,0
2018,5,4,18,0,0,1,1,0.6157,351.6,3.029,82.54,-18.63,82.13,NAIN,2777,0,0
2018,5,4,18,0,0,1,1,0.612,351.6,3.02,82.52,-18.64,82.11,NAIN,2781,0,0
2018,5,4,18,0,0,1,1,0.6087,351.6,3.011,82.5,-18.65,82.09,NAIN,2785,0,0
2018,5,4,18,0,0,1,1,0.6056,351.6,3.002,82.48,-18.65,82.07,NAIN,2789,0,0
2018,5,4,18,0,0,1,1,0.603,351.5,2.995,82.47,-18.66,82.06,NAIN,2794,0,0
2018,5,4,18,0,0,1,1,0.6007,351.5,2.987,82.45,-18.67,82.04,NAIN,2798,0,0
2018,5,4,18,0,0,1,1,0.5988,351.5,2.981,82.44,-18.67,82.02,NAIN,2802,0,0
2018,5,4,18,0,0,1,1,0.5974,351.5,2.975,82.42,-18.68,82,NAIN,2807,0,0
2018,5,4,18,0,0,1,1,0.5965,351.5,2.969,82.41,-18.68,81.99,NAIN,2811,0,0
2018,5,4,18,0,0,1,1,0.596,351.5,2.965,82.39,-18.69,81.97,NAIN,2815,0,0
2018,5,4,18,0,0,1,1,0.5961,351.4,2.961,82.38,-18.69,81.96,NAIN,2819,0,0
2018,5,4,18,0,0,1,1,0.5967,351.4,2.957,82.36,-18.69,81.94,NAIN,2824,0,0
2018,5,4,18,0,0,1,1,0.5979,351.4,2.954,82.35,-18.7,81.93,NAIN,2828,0,0
2018,5,4,18,0,0,1,1,0.5996,351.4,2.952,82.34,-18.7,81.92,NAIN,2832,0,0
2018,5,4,18,0,0,1,1,0.602,351.4,2.951,82.32,-18.7,81.9,NAIN,2837,0,0
2018,5,4,18,0,0,1,1,0.605,351.4,2.951,82.31,-18.7,81.89,NAIN,2841,0,0
2018,5,4,18,0,0,1,1,0.6086,351.4,2.951,82.3,-18.7,81.88,NAIN,2845,0,0
2018,5,4,18,0,0,1,1,0.6129,351.4,2.952,82.29,-18.7,81.86,NAIN,2849,0,0
2018,5,4,18,0,0,1,1,0.6178,351.3,2.953,82.28,-18.69,81.85,NAIN,2854,0,0
2018,5,4,18,0,0,1,1,0.6234,351.3,2.956,82.27,-18.69,81.84,NAIN,2858,0,0
2018,5,4,18,0,0,1,1,0.6298,351.3,2.959,82.25,-18.69,81.83,NAIN,2862,0,0
2018,5,4,18,0,0,1,1,0.6368,351.3,2.963,82.24,-18.68,81.82,NAIN,2867,0,0
2018,5,4,18,0,0,1,1,0.6446,351.3,2.968,82.23,-18.68,81.81,NAIN,2871,0,0
2018,5,4,18,0,0,1,1,0.6532,351.3,2.974,82.22,-18.67,81.8,NAIN,2875,0,0
2018,5,4,18,0,0,1,1,0.6625,351.3,2.981,82.21,-18.66,81.79,NAIN,2879,0,0
2018,5,4,18,0,0,1,1,0.6725,351.3,2.988,82.2,-18.65,81.77,NAIN,2884,0,0
2018,5,4,18,0,0,1,1,0.6834,351.3,2.996,82.19,-18.65,81.76,NAIN,2888,0,0
2018,5,4,18,0,0,1,1,0.695,351.3,3.005,82.18,-18.64,81.75,NAIN,2892,0,0
2018,5,4,18,0,0,1,1,0.7075,351.3,3.015,82.17,-18.63,81.74,NAIN,2897,0,0
2018,5,4,18,0,0,1,1,0.7208,351.3,3.026,82.16,-18.61,81.73,NAIN,2901,0,0
2018,5,4,18,0,0,1,1,0.7349,351.2,3.038,82.15,-18.6,81.72,NAIN,2905,0,0
2018,5,4,18,0,0,1,1,0.7497,351.2,3.051,82.14,-18.59,81.71,NAIN,2909,0,0
2018,5,4,18,0,0,1,1,0.7655,351.2,3.064,82.13,-18.57,81.7,NAIN,2914,0,0
2018,5,4,18,0,0,1,1,0.7821,351.2,3.078,82.12,-18.56,81.69,NAIN,2918,0,0
2018,5,4,18,0,0,1,1,0.7995,351.2,3.093,82.11,-18.54,81.68,NAIN,2922,0,0
2018,5,4,18,0,0,1,1,0.8177,351.2,3.109,82.1,-18.53,81.67,NAIN,2927,0,0
2018,5,4,18,0,0,1,1,0.8368,351.2,3.126,82.09,-18.51,81.66,NAIN,2931,0,0
2018,5,4,18,0,0,1,1,0.8568,351.2,3.144,82.08,-18.49,81.66,NAIN,2935,0,0
2018,5,4,18,0,0,1,1,0.8776,351.2,3.163,82.07,-18.47,81.65,NAIN,2939,0,0
2018,5,4,18,0,0,1,1,0.8993,351.2,3.182,82.06,-18.45,81.64,NAIN,2944,0,0
2018,5,4,18,0,0,1,1,0.9219,351.2,3.203,82.05,-18.43,81.63,NAIN,2948,0,0
2018,5,4,18,0,0,1,1,0.9452,351.2,3.224,82.04,-18.41,81.61,NAIN,2952,0,0
2018,5,4,18,0,0,1,1,0.9695,351.2,3.246,82.03,-18.39,81.6,NAIN,2957,0,0
2018,5,4,18,0,0,1,1,0.9946,351.2,3.269,82.01,-18.36,81.59,NAIN,2961,0,0
2018,5,4,18,0,0,1,1,1.021,351.2,3.292,82,-18.34,81.58,NAIN,2965,0,0
2018,5,4,18,0,0,1,1,1.047,351.2,3.317,81.99,-18.31,81.57,NAIN,2969,0,0
2018,5,4,18,0,0,1,1,1.075,351.2,3.342,81.98,-18.29,81.56,NAIN,2974,0,0
2018,5,4,18,0,0,1,1,1.104,351.2,3.369,81.97,-18.26,81.55,NAIN,2978,0,0
2018,5,4,18,0,0,1,1,1.133,351.2,3.396,81.96,-18.23,81.54,NAIN,2982,0,0
2018,5,4,18,0,0,1,1,1.163,351.2,3.423,81.94,-18.21,81.53,NAIN,2986,0,0
2018,5,4,18,0,0,1,1,1.194,351.2,3.452,81.93,-18.18,81.52,NAIN,2991,0,0
2018,5,4,18,0,0,1,1,1.226,351.1,3.481,81.92,-18.15,81.5,NAIN,2995,0,0
2018,5,4,18,0,0,1,1,1.259,351.1,3.512,81.9,-18.12,81.49,NAIN,2999,0,0
2018,5,4,18,0,0,1,1,1.293,351.1,3.543,81.89,-18.08,81.48,NAIN,3004,0,0
2018,5,4,18,0,0,1,1,1.327,351.1,3.574,81.88,-18.05,81.47,NAIN,3008,0,0
2018,5,4,18,0,0,1,1,1.362,351.1,3.607,81.86,-18.02,81.45,NAIN,3012,0,0
2018,5,4,18,0,0,1,1,1.398,351.1,3.64,81.85,-17.98,81.44,NAIN,3016,0,0
2018,5,4,18,0,0,1,1,1.435,351.1,3.674,81.83,-17.95,81.43,NAIN,3021,0,0
2018,5,4,18,0,0,1,1,1.473,351.1,3.709,81.82,-17.91,81.41,NAIN,3025,0,0
2018,5,4,18,0,0,1,1,1.511,351.1,3.744,81.8,-17.88,81.4,NAIN,3029,0,0
2018,5,4,18,0,0,1,1,1.55,351.1,3.78,81.79,-17.84,81.38,NAIN,3034,0,0
2018,5,4,18,0,0,1,1,1.59,351.1,3.817,81.77,-17.8,81.37,NAIN,3038,0,0
2018,5,4,18,0,0,1,1,1.63,351.1,3.854,81.75,-17.76,81.35,NAIN,3042,0,0
2018,5,4,18,0,0,1,1,1.672,351.1,3.892,81.74,-17.73,81.34,NAIN,3046,0,0
2018,5,4,18,0,0,1,1,1.714,351.1,3.931,81.72,-17.69,81.32,NAIN,3051,0,0
2018,5,4,18,0,0,1,1,1.757,351.1,3.971,81.7,-17.65,81.31,NAIN,3055,0,0
2018,5,4,18,0,0,1,1,1.8,351.1,4.01,81.68,-17.61,81.29,NAIN,3059,0,0
2018,5,4,18,0,0,1,1,1.844,351.1,4.051,81.66,-17.56,81.27,NAIN,3064,0,0
2018,5,4,18,0,0,1,1,1.889,351.1,4.092,81.64,-17.52,81.25,NAIN,3068,0,0
2018,5,4,18,0,0,1,1,1.935,351.1,4.134,81.63,-17.48,81.24,NAIN,3072,0,0
2018,5,4,18,0,0,1,1,1.981,351,4.176,81.61,-17.44,81.22,NAIN,3076,0,0
2018,5,4,18,0,0,1,1,2.028,351,4.219,81.59,-17.39,81.2,NAIN,3081,0,0
2018,5,4,18,0,0,1,1,2.076,351,4.263,81.56,-17.35,81.18,NAIN,3085,0,0
2018,5,4,18,0,0,1,1,2.124,351,4.307,81.54,-17.3,81.16,NAIN,3089,0,0
2018,5,4,18,0,0,1,1,2.172,351,4.351,81.52,-17.26,81.14,NAIN,3094,0,0
2018,5,4,18,0,0,1,1,2.222,351,4.396,81.5,-17.21,81.12,NAIN,3098,0,0
2018,5,4,18,0,0,1,1,2.272,351,4.441,81.48,-17.16,81.1,NAIN,3102,0,0
2018,5,4,18,0,0,1,1,2.322,351,4.487,81.45,-17.12,81.08,NAIN,3106,0,0
2018,5,4,18,0,0,1,1,2.373,351,4.534,81.43,-17.07,81.06,NAIN,3111,0,0
2018,5,4,18,0,0,1,1,2.425,351,4.58,81.41,-17.02,81.04,NAIN,3115,0,0
2018,5,4,18,0,0,1,1,2.477,351,4.627,81.38,-16.97,81.01,NAIN,3119,0,0
2018,5,4,18,0,0,1,1,2.53,351,4.675,81.36,-16.92,80.99,NAIN,3124,0,0
2018,5,4,18,0,0,1,1,2.583,350.9,4.723,81.33,-16.87,80.97,NAIN,3128,0,0
2018,5,4,18,0,0,1,1,2.636,350.9,4.771,81.31,-16.82,80.94,NAIN,3132,0,0
2018,5,4,18,0,0,1,1,2.69,350.9,4.82,81.28,-16.77,80.92,NAIN,3136,0,0
2018,5,4,18,0,0,1,1,2.745,350.9,4.869,81.25,-16.72,80.89,NAIN,3141,0,0
2018,5,4,18,0,0,1,1,2.8,350.9,4.918,81.23,-16.67,80.87,NAIN,3145,0,0
2018,5,4,18,0,0,1,1,2.855,350.9,4.968,81.2,-16.62,80.84,NAIN,3149,0,0
2018,5,4,18,0,0,1,1,2.911,350.9,5.018,81.17,-16.57,80.82,NAIN,3154,0,0
2018,5,4,18,0,0,1,1,2.967,350.9,5.068,81.14,-16.52,80.79,NAIN,3158,0,0
2018,5,4,18,0,0,1,1,3.024,350.8,5.118,81.11,-16.47,80.77,NAIN,3162,0,0
2018,5,4,18,0,0,1,1,3.081,350.8,5.169,81.08,-16.41,80.74,NAIN,3166,0,0
2018,5,4,18,0,0,1,1,3.138,350.8,5.22,81.05,-16.36,80.71,NAIN,3171,0,0
2018,5,4,18,0,0,1,1,3.196,350.8,5.271,81.02,-16.31,80.68,NAIN,3175,0,0
2018,5,4,18,0,0,1,1,3.254,350.8,5.322,80.99,-16.26,80.65,NAIN,3179,0,0
2018,5,4,18,0,0,1,1,3.312,350.8,5.374,80.96,-16.2,80.62,NAIN,3184,0,0
2018,5,4,18,0,0,1,1,3.371,350.8,5.426,80.93,-16.15,80.59,NAIN,3188,0,0
2018,5,4,18,0,0,1,1,3.429,350.7,5.477,80.9,-16.09,80.56,NAIN,3192,0,0
2018,5,4,18,0,0,1,1,3.488,350.7,5.529,80.87,-16.04,80.53,NAIN,3196,0,0
2018,5,4,18,0,0,1,1,3.548,350.7,5.581,80.83,-15.99,80.5,NAIN,3201,0,0
2018,5,4,18,0,0,1,1,3.607,350.7,5.634,80.8,-15.93,80.47,NAIN,3205,0,0
2018,5,4,18,0,0,1,1,3.667,350.7,5.686,80.77,-15.88,80.44,NAIN,3209,0,0
2018,5,4,18,0,0,1,1,3.727,350.7,5.738,80.73,-15.82,80.41,NAIN,3214,0,0
2018,5,4,18,0,0,1,1,3.787,350.6,5.791,80.7,-15.77,80.38,NAIN,3218,0,0
2018,5,4,18,0,0,1,1,3.847,350.6,5.843,80.66,-15.72,80.34,NAIN,3222,0,0
2018,5,4,18,0,0,1,1,3.908,350.6,5.896,80.63,-15.66,80.31,NAIN,3226,0,0
2018,5,4,18,0,0,1,1,3.968,350.6,5.948,80.59,-15.61,80.28,NAIN,3231,0,0
2018,5,4,18,0,0,1,1,4.029,350.6,6,80.55,-15.55,80.24,NAIN,3235,0,0
2018,5,4,18,0,0,1,1,4.09,350.5,6.053,80.52,-15.5,80.21,NAIN,3239,0,0
2018,5,4,18,0,0,1,1,4.151,350.5,6.105,80.48,-15.44,80.17,NAIN,3244,0,0
2018,5,4,18,0,0,1,1,4.212,350.5,6.158,80.44,-15.39,80.14,NAIN,3248,0,0
2018,5,4,18,0,0,1,1,4.273,350.5,6.21,80.4,-15.33,80.1,NAIN,3252,0,0
2018,5,4,18,0,0,1,1,4.334,350.5,6.263,80.36,-15.28,80.06,NAIN,3256,0,0
2018,5,4,18,0,0,1,1,4.395,350.4,6.315,80.33,-15.22,80.03,NAIN,3261,0,0
2018,5,4,18,0,0,1,1,4.456,350.4,6.367,80.29,-15.17,79.99,NAIN,3265,0,0
2018,5,4,18,0,0,1,1,4.518,350.4,6.419,80.25,-15.11,79.95,NAIN,3269,0,0
2018,5,4,18,0,0,1,1,4.579,350.4,6.471,80.21,-15.06,79.92,NAIN,3274,0,0
2018,5,4,18,0,0,1,1,4.64,350.3,6.523,80.17,-15.01,79.88,NAIN,3278,0,0
2018,5,4,18,0,0,1,1,4.701,350.3,6.574,80.12,-14.95,79.84,NAIN,3282,0,0
2018,5,4,18,0,0,1,1,4.762,350.3,6.626,80.08,-14.9,79.8,NAIN,3286,0,0
2018,5,4,18,0,0,1,1,4.823,350.3,6.677,80.04,-14.84,79.76,NAIN,3291,0,0
2018,5,4,18,0,0,1,1,4.884,350.2,6.728,80,-14.79,79.72,NAIN,3295,0,0
2018,5,4,18,0,0,1,1,4.945,350.2,6.779,79.96,-14.74,79.68,NAIN,3299,0,0
2018,5,4,18,0,0,1,1,5.006,350.2,6.83,79.92,-14.68,79.64,NAIN,3304,0,0
2018,5,4,18,0,0,1,1,5.066,350.2,6.881,79.87,-14.63,79.6,NAIN,3308,0,0
2018,5,4,18,0,0,1,1,5.127,350.1,6.931,79.83,-14.58,79.56,NAIN,3312,0,0
2018,5,4,18,0,0,1,1,5.187,350.1,6.981,79.79,-14.52,79.52,NAIN,3316,0,0
2018,5,4,18,0,0,1,1,5.247,350.1,7.031,79.74,-14.47,79.48,NAIN,3321,0,0
2018,5,4,18,0,0,1,1,5.308,350.1,7.08,79.7,-14.42,79.44,NAIN,3325,0,0
2018,5,4,18,0,0,1,1,5.368,350,7.13,79.65,-14.37,79.4,NAIN,3329,0,0
2018,5,4,18,0,0,1,1,5.427,350,7.179,79.61,-14.31,79.35,NAIN,3334,0,0
2018,5,4,18,0,0,1,1,5.487,350,7.227,79.56,-14.26,79.31,NAIN,3338,0,0
2018,5,4,18,0,0,1,1,5.546,349.9,7.276,79.52,-14.21,79.27,NAIN,3342,0,0
2018,5,4,18,0,0,1,1,5.605,349.9,7.324,79.47,-14.16,79.22,NAIN,3346,0,0
2018,5,4,18,0,0,1,1,5.628,349.8,7.307,79.34,-14.17,79.09,NAIN,3351,0,0
2018,5,4,18,0,0,1,1,5.686,349.8,7.355,79.29,-14.12,79.04,NAIN,3355,0,0
2018,5,4,18,0,0,1,1,5.745,349.7,7.402,79.25,-14.07,79,NAIN,3359,0,0
2018,5,4,18,0,0,1,1,5.803,349.7,7.449,79.2,-14.02,78.96,NAIN,3364,0,0
2018,5,4,18,0,0,1,1,5.861,349.7,7.496,79.15,-13.97,78.91,NAIN,3368,0,0
2018,5,4,18,0,0,1,1,5.919,349.6,7.542,79.11,-13.92,78.87,NAIN,3372,0,0
2018,5,4,18,0,0,1,1,5.976,349.6,7.588,79.06,-13.87,78.82,NAIN,3376,0,0
2018,5,4,18,0,0,1,1,6.033,349.6,7.633,79.01,-13.82,78.78,NAIN,3381,0,0
2018,5,4,18,0,0,1,1,6.09,349.5,7.678,78.96,-13.77,78.73,NAIN,3385,0,0
2018,5,4,18,0,0,1,1,6.146,349.5,7.723,78.92,-13.72,78.69,NAIN,3389,0,0
2018,5,4,18,0,0,1,1,6.202,349.5,7.767,78.87,-13.67,78.64,NAIN,3394,0,0
2018,5,4,18,0,0,1,1,6.258,349.4,7.811,78.82,-13.63,78.6,NAIN,3398,0,0
2018,5,4,18,0,0,1,1,6.314,349.4,7.855,78.77,-13.58,78.55,NAIN,3402,0,0
2018,5,4,18,0,0,1,1,6.369,349.4,7.898,78.72,-13.53,78.51,NAIN,3406,0,0
2018,5,4,18,0,0,1,1,6.423,349.3,7.941,78.68,-13.49,78.46,NAIN,3411,0,0
2018,5,4,18,0,0,1,1,6.478,349.3,7.983,78.63,-13.44,78.41,NAIN,3415,0,0
2018,5,4,18,0,0,1,1,6.532,349.3,8.025,78.58,-13.4,78.37,NAIN,3419,0,0
2018,5,4,18,0,0,1,1,6.585,349.2,8.066,78.53,-13.35,78.32,NAIN,3423,0,0
2018,5,4,18,0,0,1,1,6.639,349.2,8.107,78.48,-13.31,78.27,NAIN,3428,0,0
2018,5,4,18,0,0,1,1,6.692,349.2,8.148,78.43,-13.26,78.23,NAIN,3432,0,0
2018,5,4,18,0,0,1,1,6.744,349.1,8.188,78.38,-13.22,78.18,NAIN,3436,0,0
2018,5,4,18,0,0,1,1,6.796,349.1,8.228,78.33,-13.18,78.13,NAIN,3441,0,0
2018,5,4,18,0,0,1,1,6.848,349.1,8.267,78.28,-13.13,78.09,NAIN,3445,0,0
2018,5,4,18,0,0,1,1,6.899,349,8.305,78.23,-13.09,78.04,NAIN,3449,0,0
2018,5,4,18,0,0,1,1,6.95,349,8.344,78.19,-13.05,77.99,NAIN,3453,0,0
2018,5,4,18,0,0,1,1,7,348.9,8.382,78.14,-13.01,77.95,NAIN,3458,0,0
2018,5,4,18,0,0,1,1,7.05,348.9,8.419,78.09,-12.97,77.9,NAIN,3462,0,0
2018,5,4,18,0,0,1,1,7.1,348.9,8.456,78.04,-12.93,77.85,NAIN,3466,0,0
2018,5,4,18,0,0,1,1,7.149,348.8,8.492,77.99,-12.89,77.8,NAIN,3471,0,0
2018,5,4,18,0,0,1,1,7.197,348.8,8.528,77.94,-12.85,77.76,NAIN,3475,0,0
2018,5,4,18,0,0,1,1,7.245,348.8,8.563,77.89,-12.81,77.71,NAIN,3479,0,0
2018,5,4,18,0,0,1,1,7.293,348.7,8.598,77.84,-12.77,77.66,NAIN,3483,0,0
2018,5,4,18,0,0,1,1,7.34,348.7,8.633,77.79,-12.73,77.61,NAIN,3488,0,0
2018,5,4,18,0,0,1,1,7.387,348.7,8.666,77.74,-12.69,77.57,NAIN,3492,0,0
2018,5,4,18,0,0,1,1,7.433,348.6,8.7,77.69,-12.65,77.52,NAIN,3496,0,0
2018,5,4,18,0,0,1,1,7.479,348.6,8.733,77.64,-12.62,77.47,NAIN,3501,0,0
2018,5,4,18,0,0,1,1,7.524,348.5,8.765,77.59,-12.58,77.42,NAIN,3505,0,0
2018,5,4,18,0,0,1,1,7.569,348.5,8.797,77.54,-12.55,77.38,NAIN,3509,0,0
2018,5,4,18,0,0,1,1,7.613,348.5,8.829,77.49,-12.51,77.33,NAIN,3513,0,0
2018,5,4,18,0,0,1,1,7.657,348.4,8.859,77.44,-12.48,77.28,NAIN,3518,0,0
2018,5,4,18,0,0,1,1,7.701,348.4,8.89,77.39,-12.44,77.23,NAIN,3522,0,0
2018,5,4,18,0,0,1,1,7.744,348.3,8.92,77.34,-12.41,77.19,NAIN,3526,0,0
2018,5,4,18,0,0,1,1,7.786,348.3,8.949,77.29,-12.37,77.14,NAIN,3531,0,0
2018,5,4,18,0,0,1,1,7.793,348.2,8.918,77.16,-12.39,77,NAIN,3535,0,0
2018,5,4,18,0,0,1,1,7.835,348.1,8.946,77.11,-12.36,76.96,NAIN,3539,0,0
2018,5,4,18,0,0,1,1,7.876,348.1,8.974,77.06,-12.33,76.91,NAIN,3543,0,0
2018,5,4,18,0,0,1,1,7.916,348.1,9.002,77.01,-12.3,76.86,NAIN,3548,0,0
2018,5,4,18,0,0,1,1,7.956,348,9.029,76.96,-12.27,76.82,NAIN,3552,0,0
2018,5,4,18,0,0,1,1,7.995,348,9.055,76.91,-12.24,76.77,NAIN,3556,0,0
2018,5,4,18,0,0,1,1,8.034,347.9,9.081,76.86,-12.21,76.72,NAIN,3561,0,0
2018,5,4,18,0,0,1,1,8.072,347.9,9.107,76.82,-12.18,76.68,NAIN,3565,0,0
2018,5,4,18,0,0,1,1,8.11,347.9,9.131,76.77,-12.15,76.63,NAIN,3569,0,0
2018,5,4,18,0,0,1,1,8.147,347.8,9.156,76.72,-12.12,76.58,NAIN,3573,0,0
2018,5,4,18,0,0,1,1,8.184,347.8,9.18,76.67,-12.09,76.54,NAIN,3578,0,0
2018,5,4,18,0,0,1,1,8.22,347.7,9.203,76.62,-12.06,76.49,NAIN,3582,0,0
2018,5,4,18,0,0,1,1,8.256,347.7,9.226,76.57,-12.04,76.44,NAIN,3586,0,0
2018,5,4,18,0,0,1,1,8.291,347.7,9.249,76.53,-12.01,76.4,NAIN,3591,0,0
2018,5,4,18,0,0,1,1,8.326,347.6,9.271,76.48,-11.98,76.35,NAIN,3595,0,0
2018,5,4,18,0,0,1,1,8.36,347.6,9.292,76.43,-11.96,76.3,NAIN,3599,0,0
2018,5,4,18,0,0,1,1,8.394,347.5,9.313,76.38,-11.93,76.26,NAIN,3603,0,0
2018,5,4,18,0,0,1,1,8.427,347.5,9.334,76.34,-11.91,76.21,NAIN,3608,0,0
2018,5,4,18,0,0,1,1,8.46,347.5,9.354,76.29,-11.88,76.17,NAIN,3612,0,0
2018,5,4,18,0,0,1,1,8.492,347.4,9.373,76.24,-11.86,76.12,NAIN,3616,0,0
2018,5,4,18,0,0,1,1,8.523,347.4,9.392,76.2,-11.84,76.08,NAIN,3621,0,0
2018,5,4,18,0,0,1,1,8.554,347.4,9.411,76.15,-11.82,76.03,NAIN,3625,0,0
2018,5,4,18,0,0,1,1,8.585,347.3,9.429,76.1,-11.79,75.99,NAIN,3629,0,0
2018,5,4,18,0,0,1,1,8.615,347.3,9.446,76.06,-11.77,75.94,NAIN,3633,0,0
2018,5,4,18,0,0,1,1,8.645,347.2,9.463,76.01,-11.75,75.9,NAIN,3638,0,0
2018,5,4,18,0,0,1,1,8.674,347.2,9.48,75.96,-11.73,75.85,NAIN,3642,0,0
2018,5,4,18,0,0,1,1,8.702,347.2,9.496,75.92,-11.71,75.81,NAIN,3646,0,0
2018,5,4,18,0,0,1,1,8.73,347.1,9.512,75.87,-11.69,75.77,NAIN,3651,0,0
2018,5,4,18,0,0,1,1,8.758,347.1,9.527,75.83,-11.67,75.72,NAIN,3655,0,0
2018,5,4,18,0,0,1,1,8.785,347,9.542,75.78,-11.65,75.68,NAIN,3659,0,0
2018,5,4,18,0,0,1,1,8.811,347,9.556,75.74,-11.63,75.64,NAIN,3663,0,0
2018,5,4,18,0,0,1,1,8.838,347,9.57,75.7,-11.62,75.59,NAIN,3668,0,0
2018,5,4,18,0,0,1,1,8.863,346.9,9.584,75.65,-11.6,75.55,NAIN,3672,0,0
2018,5,4,18,0,0,1,1,8.888,346.9,9.597,75.61,-11.58,75.51,NAIN,3676,0,0
2018,5,4,18,0,0,1,1,8.913,346.9,9.61,75.56,-11.56,75.46,NAIN,3681,0,0
2018,5,4,18,0,0,1,1,8.937,346.8,9.622,75.52,-11.55,75.42,NAIN,3685,0,0
2018,5,4,18,0,0,1,1,8.96,346.8,9.633,75.48,-11.53,75.38,NAIN,3689,0,0
2018,5,4,18,0,0,1,1,8.983,346.7,9.645,75.43,-11.52,75.34,NAIN,3693,0,0
2018,5,4,18,0,0,1,1,9.006,346.7,9.656,75.39,-11.5,75.3,NAIN,3698,0,0
2018,5,4,18,0,0,1,1,9.028,346.7,9.666,75.35,-11.49,75.26,NAIN,3702,0,0
2018,5,4,18,0,0,1,1,9.017,346.5,9.619,75.23,-11.52,75.13,NAIN,3706,0,0
2018,5,4,18,0,0,1,1,9.039,346.5,9.629,75.19,-11.51,75.09,NAIN,3711,0,0
2018,5,4,18,0,0,1,1,9.059,346.5,9.638,75.15,-11.5,75.05,NAIN,3715,0,0
2018,5,4,18,0,0,1,1,9.08,346.4,9.647,75.11,-11.48,75.01,NAIN,3719,0,0
2018,5,4,18,0,0,1,1,9.1,346.4,9.656,75.07,-11.47,74.97,NAIN,3723,0,0
2018,5,4,18,0,0,1,1,9.119,346.4,9.664,75.03,-11.46,74.93,NAIN,3728,0,0
2018,5,4,18,0,0,1,1,9.138,346.3,9.672,74.99,-11.45,74.89,NAIN,3732,0,0
2018,5,4,18,0,0,1,1,9.156,346.3,9.679,74.95,-11.44,74.85,NAIN,3736,0,0
2018,5,4,18,0,0,1,1,9.174,346.2,9.686,74.91,-11.43,74.82,NAIN,3741,0,0
2018,5,4,18,0,0,1,1,9.192,346.2,9.693,74.87,-11.42,74.78,NAIN,3745,0,0
2018,5,4,18,0,0,1,1,9.209,346.2,9.699,74.83,-11.41,74.74,NAIN,3749,0,0
2018,5,4,18,0,0,1,1,9.226,346.1,9.705,74.79,-11.4,74.7,NAIN,3753,0,0
2018,5,4,18,0,0,1,1,9.242,346.1,9.71,74.75,-11.39,74.66,NAIN,3758,0,0
2018,5,4,18,0,0,1,1,9.258,346.1,9.715,74.71,-11.38,74.62,NAIN,3762,0,0
2018,5,4,18,0,0,1,1,9.273,346,9.72,74.68,-11.37,74.59,NAIN,3766,0,0
2018,5,4,18,0,0,1,1,9.289,346,9.725,74.64,-11.36,74.55,NAIN,3771,0,0
2018,5,4,18,0,0,1,1,9.303,346,9.729,74.6,-11.35,74.51,NAIN,3775,0,0
2018,5,4,18,0,0,1,1,9.317,345.9,9.733,74.57,-11.35,74.48,NAIN,3779,0,0
2018,5,4,18,0,0,1,1,9.331,345.9,9.736,74.53,-11.34,74.44,NAIN,3783,0,0
2018,5,4,18,0,0,1,1,9.345,345.9,9.739,74.49,-11.33,74.41,NAIN,3788,0,0
2018,5,4,18,0,0,1,1,9.358,345.8,9.742,74.46,-11.33,74.37,NAIN,3792,0,0
2018,5,4,18,0,0,1,1,9.37,345.8,9.745,74.42,-11.32,74.33,NAIN,3796,0,0
2018,5,4,18,0,0,1,1,9.382,345.8,9.747,74.39,-11.31,74.3,NAIN,3801,0,0
2018,5,4,18,0,0,1,1,9.394,345.7,9.749,74.35,-11.31,74.26,NAIN,3805,0,0
2018,5,4,18,0,0,1,1,9.406,345.7,9.75,74.32,-11.3,74.23,NAIN,3809,0,0
2018,5,4,18,0,0,1,1,9.417,345.7,9.752,74.28,-11.3,74.2,NAIN,3813,0,0
2018,5,4,18,0,0,1,1,9.428,345.6,9.753,74.25,-11.29,74.16,NAIN,3818,0,0
2018,5,4,18,0,0,1,1,9.438,345.6,9.753,74.22,-11.29,74.13,NAIN,3822,0,0
2018,5,4,18,0,0,1,1,9.448,345.6,9.754,74.18,-11.29,74.1,NAIN,3826,0,0
2018,5,4,18,0,0,1,1,9.458,345.5,9.754,74.15,-11.28,74.06,NAIN,3830,0,0
2018,5,4,18,0,0,1,1,9.467,345.5,9.754,74.12,-11.28,74.03,NAIN,3835,0,0
2018,5,4,18,0,0,1,1,9.476,345.5,9.754,74.08,-11.28,74,NAIN,3839,0,0
2018,5,4,18,0,0,1,1,9.484,345.5,9.753,74.05,-11.27,73.97,NAIN,3843,0,0
2018,5,4,18,0,0,1,1,9.493,345.4,9.752,74.02,-11.27,73.93,NAIN,3848,0,0
2018,5,4,18,0,0,1,1,9.501,345.4,9.751,73.99,-11.27,73.9,NAIN,3852,0,0
2018,5,4,18,0,0,1,1,9.508,345.4,9.75,73.96,-11.27,73.87,NAIN,3856,0,0
2018,5,4,18,0,0,1,1,9.516,345.3,9.748,73.93,-11.27,73.84,NAIN,3860,0,0
2018,5,4,18,0,0,1,1,9.523,345.3,9.747,73.9,-11.26,73.81,NAIN,3865,0,0
2018,5,4,18,0,0,1,1,9.529,345.3,9.745,73.87,-11.26,73.78,NAIN,3869,0,0
2018,5,4,18,0,0,1,1,9.536,345.2,9.742,73.84,-11.26,73.75,NAIN,3873,0,0
2018,5,4,18,0,0,1,1,9.542,345.2,9.74,73.81,-11.26,73.72,NAIN,3878,0,0
2018,5,4,18,0,0,1,1,9.548,345.2,9.737,73.78,-11.26,73.69,NAIN,3882,0,0
2018,5,4,18,0,0,1,1,9.553,345.2,9.735,73.75,-11.26,73.66,NAIN,3886,0,0
2018,5,4,18,0,0,1,1,9.558,345.1,9.732,73.72,-11.26,73.64,NAIN,3890,0,0
2018,5,4,18,0,0,1,1,9.532,345,9.674,73.62,-11.31,73.53,NAIN,3895,0,0
2018,5,4,18,0,0,1,1,9.537,345,9.671,73.6,-11.31,73.5,NAIN,3899,0,0
2018,5,4,18,0,0,1,1,9.541,345,9.667,73.57,-11.31,73.47,NAIN,3903,0,0
2018,5,4,18,0,0,1,1,9.545,344.9,9.664,73.54,-11.31,73.45,NAIN,3908,0,0
2018,5,4,18,0,0,1,1,9.549,344.9,9.66,73.52,-11.31,73.42,NAIN,3912,0,0
2018,5,4,18,0,0,1,1,9.553,344.9,9.656,73.49,-11.31,73.39,NAIN,3916,0,0
2018,5,4,18,0,0,1,1,9.556,344.9,9.651,73.46,-11.31,73.37,NAIN,3920,0,0
2018,5,4,18,0,0,1,1,9.559,344.8,9.647,73.44,-11.31,73.34,NAIN,3925,0,0
2018,5,4,18,0,0,1,1,9.562,344.8,9.642,73.41,-11.32,73.32,NAIN,3929,0,0
2018,5,4,18,0,0,1,1,9.565,344.8,9.638,73.39,-11.32,73.29,NAIN,3933,0,0
2018,5,4,18,0,0,1,1,9.567,344.8,9.633,73.36,-11.32,73.27,NAIN,3938,0,0
2018,5,4,18,0,0,1,1,9.569,344.7,9.628,73.34,-11.32,73.24,NAIN,3942,0,0
2018,5,4,18,0,0,1,1,9.571,344.7,9.623,73.32,-11.33,73.22,NAIN,3946,0,0
2018,5,4,18,0,0,1,1,9.573,344.7,9.617,73.29,-11.33,73.19,NAIN,3950,0,0
2018,5,4,18,0,0,1,1,9.575,344.7,9.612,73.27,-11.33,73.17,NAIN,3955,0,0
2018,5,4,18,0,0,1,1,9.576,344.6,9.607,73.25,-11.33,73.14,NAIN,3959,0,0
2018,5,4,18,0,0,1,1,9.577,344.6,9.601,73.22,-11.34,73.12,NAIN,3963,0,0
2018,5,4,18,0,0,1,1,9.578,344.6,9.595,73.2,-11.34,73.1,NAIN,3968,0,0
2018,5,4,18,0,0,1,1,9.579,344.6,9.59,73.18,-11.34,73.08,NAIN,3972,0,0
2018,5,4,18,0,0,1,1,9.58,344.5,9.584,73.16,-11.35,73.05,NAIN,3976,0,0
2018,5,4,18,0,0,1,1,9.58,344.5,9.578,73.14,-11.35,73.03,NAIN,3980,0,0
2018,5,4,18,0,0,1,1,9.58,344.5,9.572,73.12,-11.36,73.01,NAIN,3985,0,0
2018,5,4,18,0,0,1,1,9.58,344.5,9.565,73.1,-11.36,72.99,NAIN,3989,0,0
2018,5,4,18,0,0,1,1,9.58,344.5,9.559,73.07,-11.36,72.97,NAIN,3993,0,0
2018,5,4,18,0,0,1,1,9.58,344.4,9.553,73.05,-11.37,72.95,NAIN,3998,0,0
2018,5,4,18,0,0,1,1,9.579,344.4,9.547,73.03,-11.37,72.93,NAIN,4002,0,0
2018,5,4,18,0,0,1,1,9.579,344.4,9.54,73.02,-11.38,72.91,NAIN,4006,0,0
2018,5,4,18,0,0,1,1,9.578,344.4,9.534,73,-11.38,72.89,NAIN,4010,0,0
2018,5,4,18,0,0,1,1,9.577,344.4,9.527,72.98,-11.38,72.87,NAIN,4015,0,0
2018,5,4,18,0,0,1,1,9.576,344.3,9.52,72.96,-11.39,72.85,NAIN,4019,0,0
2018,5,4,18,0,0,1,1,9.575,344.3,9.514,72.94,-11.39,72.83,NAIN,4023,0,0
2018,5,4,18,0,0,1,1,9.574,344.3,9.507,72.92,-11.4,72.81,NAIN,4028,0,0
2018,5,4,18,0,0,1,1,9.573,344.3,9.5,72.9,-11.4,72.79,NAIN,4032,0,0
2018,5,4,18,0,0,1,1,9.571,344.3,9.493,72.89,-11.41,72.77,NAIN,4036,0,0
2018,5,4,18,0,0,1,1,9.57,344.2,9.487,72.87,-11.41,72.75,NAIN,4040,0,0
2018,5,4,18,0,0,1,1,9.568,344.2,9.48,72.85,-11.42,72.74,NAIN,4045,0,0
2018,5,4,18,0,0,1,1,9.566,344.2,9.473,72.84,-11.42,72.72,NAIN,4049,0,0
2018,5,4,18,0,0,1,1,9.564,344.2,9.466,72.82,-11.43,72.7,NAIN,4053,0,0
2018,5,4,18,0,0,1,1,9.562,344.2,9.459,72.8,-11.43,72.69,NAIN,4058,0,0
2018,5,4,18,0,0,1,1,9.56,344.2,9.452,72.79,-11.44,72.67,NAIN,4062,0,0
2018,5,4,18,0,0,1,1,9.558,344.1,9.445,72.77,-11.44,72.65,NAIN,4066,0,0
2018,5,4,18,0,0,1,1,9.556,344.1,9.438,72.76,-11.45,72.64,NAIN,4070,0,0
2018,5,4,18,0,0,1,1,9.554,344.1,9.432,72.74,-11.45,72.62,NAIN,4075,0,0
2018,5,4,18,0,0,1,1,9.551,344.1,9.425,72.73,-11.46,72.61,NAIN,4079,0,0
2018,5,4,18,0,0,1,1,9.549,344.1,9.418,72.71,-11.46,72.59,NAIN,4083,0,0
2018,5,4,18,0,0,1,1,9.546,344.1,9.411,72.7,-11.47,72.58,NAIN,4088,0,0
2018,5,4,18,0,0,1,1,9.544,344,9.404,72.69,-11.47,72.56,NAIN,4092,0,0
2018,5,4,18,0,0,1,1,9.541,344,9.397,72.67,-11.48,72.55,NAIN,4096,0,0
2018,5,4,18,0,0,1,1,9.538,344,9.39,72.66,-11.48,72.53,NAIN,4100,0,0
2018,5,4,18,0,0,1,1,9.536,344,9.384,72.65,-11.49,72.52,NAIN,4105,0,0
2018,5,4,18,0,0,1,1,9.533,344,9.377,72.63,-11.5,72.5,NAIN,4109,0,0
2018,5,4,18,0,0,1,1,9.53,344,9.37,72.62,-11.5,72.49,NAIN,4113,0,0
2018,5,4,18,0,0,1,1,9.527,344,9.363,72.61,-11.51,72.48,NAIN,4118,0,0
2018,5,4,18,0,0,1,1,9.524,343.9,9.357,72.6,-11.51,72.47,NAIN,4122,0,0
2018,5,4,18,0,0,1,1,9.521,343.9,9.35,72.58,-11.52,72.45,NAIN,4126,0,0
2018,5,4,18,0,0,1,1,9.519,343.9,9.344,72.57,-11.52,72.44,NAIN,4130,0,0
2018,5,4,18,0,0,1,1,9.516,343.9,9.337,72.56,-11.53,72.43,NAIN,4135,0,0
2018,5,4,18,0,0,1,1,9.513,343.9,9.331,72.55,-11.53,72.42,NAIN,4139,0,0
2018,5,4,18,0,0,1,1,9.51,343.9,9.324,72.54,-11.54,72.4,NAIN,4143,0,0
2018,5,4,18,0,0,1,1,9.507,343.9,9.318,72.53,-11.54,72.39,NAIN,4148,0,0
2018,5,4,18,0,0,1,1,9.504,343.9,9.312,72.52,-11.55,72.38,NAIN,4152,0,0
2018,5,4,18,0,0,1,1,9.501,343.8,9.306,72.51,-11.55,72.37,NAIN,4156,0,0
2018,5,4,18,0,0,1,1,9.498,343.8,9.3,72.5,-11.56,72.36,NAIN,4160,0,0
2018,5,4,18,0,0,1,1,9.495,343.8,9.294,72.49,-11.56,72.35,NAIN,4165,0,0
2018,5,4,18,0,0,1,1,9.492,343.8,9.288,72.48,-11.57,72.34,NAIN,4169,0,0
2018,5,4,18,0,0,1,1,9.489,343.8,9.282,72.47,-11.57,72.33,NAIN,4173,0,0
2018,5,4,18,0,0,1,1,9.486,343.8,9.276,72.46,-11.58,72.32,NAIN,4178,0,0
2018,5,4,18,0,0,1,1,9.483,343.8,9.27,72.45,-11.58,72.31,NAIN,4182,0,0
2018,5,4,18,0,0,1,1,9.481,343.8,9.265,72.44,-11.59,72.3,NAIN,4186,0,0
2018,5,4,18,0,0,1,1,9.478,343.8,9.259,72.43,-11.59,72.29,NAIN,4190,0,0
2018,5,4,18,0,0,1,1,9.475,343.7,9.254,72.42,-11.59,72.28,NAIN,4195,0,0
2018,5,4,18,0,0,1,1,9.472,343.7,9.248,72.42,-11.6,72.27,NAIN,4199,0,0
2018,5,4,18,0,0,1,1,9.47,343.7,9.243,72.41,-11.6,72.26,NAIN,4203,0,0
2018,5,4,18,0,0,1,1,9.467,343.7,9.238,72.4,-11.61,72.26,NAIN,4208,0,0
2018,5,4,18,0,0,1,1,9.464,343.7,9.233,72.39,-11.61,72.25,NAIN,4212,0,0
2018,5,4,18,0,0,1,1,9.462,343.7,9.228,72.39,-11.62,72.24,NAIN,4216,0,0
2018,5,4,18,0,0,1,1,9.459,343.7,9.223,72.38,-11.62,72.23,NAIN,4220,0,0
2018,5,4,18,0,0,1,1,9.457,343.7,9.219,72.37,-11.62,72.22,NAIN,4225,0,0
2018,5,4,18,0,0,1,1,9.454,343.7,9.214,72.36,-11.63,72.22,NAIN,4229,0,0
2018,5,4,18,0,0,1,1,9.452,343.7,9.209,72.36,-11.63,72.21,NAIN,4233,0,0
2018,5,4,18,0,0,1,1,9.45,343.7,9.205,72.35,-11.63,72.2,NAIN,4238,0,0
2018,5,4,18,0,0,1,1,9.448,343.7,9.201,72.34,-11.64,72.2,NAIN,4242,0,0
2018,5,4,18,0,0,1,1,9.445,343.6,9.197,72.34,-11.64,72.19,NAIN,4246,0,0
2018,5,4,18,0,0,1,1,9.443,343.6,9.193,72.33,-11.64,72.18,NAIN,4250,0,0
2018,5,4,18,0,0,1,1,9.441,343.6,9.189,72.33,-11.65,72.18,NAIN,4255,0,0
2018,5,4,18,0,0,1,1,9.439,343.6,9.185,72.32,-11.65,72.17,NAIN,4259,0,0
2018,5,4,18,0,0,1,1,9.438,343.6,9.182,72.32,-11.65,72.16,NAIN,4263,0,0
2018,5,4,18,0,0,1,1,9.436,343.6,9.178,72.31,-11.66,72.16,NAIN,4268,0,0
2018,5,4,18,0,0,1,1,9.434,343.6,9.175,72.3,-11.66,72.15,NAIN,4272,0,0
2018,5,4,18,0,0,1,1,9.433,343.6,9.172,72.3,-11.66,72.15,NAIN,4276,0,0
2018,5,4,18,0,0,1,1,9.431,343.6,9.169,72.29,-11.66,72.14,NAIN,4280,0,0
2018,5,4,18,0,0,1,1,9.43,343.6,9.166,72.29,-11.67,72.14,NAIN,4285,0,0
2018,5,4,18,0,0,1,1,9.429,343.6,9.163,72.29,-11.67,72.13,NAIN,4289,0,0
2018,5,4,18,0,0,1,1,9.427,343.6,9.161,72.28,-11.67,72.13,NAIN,4293,0,0
2018,5,4,18,0,0,1,1,9.426,343.6,9.158,72.28,-11.67,72.12,NAIN,4297,0,0
2018,5,4,18,0,0,1,1,9.425,343.6,9.156,72.27,-11.67,72.12,NAIN,4302,0,0
2018,5,4,18,0,0,1,1,9.424,343.6,9.154,72.27,-11.68,72.11,NAIN,4306,0,0
2018,5,4,18,0,0,1,1,9.424,343.6,9.152,72.26,-11.68,72.11,NAIN,4310,0,0
2018,5,4,18,0,0,1,1,9.423,343.6,9.15,72.26,-11.68,72.1,NAIN,4315,0,0
2018,5,4,18,0,0,1,1,9.423,343.6,9.148,72.26,-11.68,72.1,NAIN,4319,0,0
2018,5,4,18,0,0,1,1,9.422,343.6,9.147,72.25,-11.68,72.1,NAIN,4323,0,0
2018,5,4,18,0,0,1,1,9.422,343.5,9.145,72.25,-11.68,72.09,NAIN,4327,0,0
2018,5,4,18,0,0,1,1,9.422,343.5,9.144,72.25,-11.68,72.09,NAIN,4332,0,0
2018,5,4,18,0,0,1,1,9.422,343.5,9.143,72.24,-11.68,72.09,NAIN,4336,0,0
2018,5,4,18,0,0,1,1,9.422,343.5,9.142,72.24,-11.68,72.08,NAIN,4340,0,0
2018,5,4,18,0,0,1,1,9.422,343.5,9.141,72.24,-11.68,72.08,NAIN,4345,0,0
2018,5,4,18,0,0,1,1,9.422,343.5,9.141,72.23,-11.68,72.08,NAIN,4349,0,0
2018,5,4,18,0,0,1,1,9.423,343.5,9.14,72.23,-11.68,72.07,NAIN,4353,0,0
2018,5,4,18,0,0,1,1,9.423,343.5,9.14,72.23,-11.68,72.07,NAIN,4357,0,0
2018,5,4,18,0,0,1,1,9.424,343.5,9.14,72.22,-11.68,72.07,NAIN,4362,0,0
2018,5,4,18,0,0,1,1,9.425,343.5,9.14,72.22,-11.68,72.07,NAIN,4366,0,0
2018,5,4,18,0,0,1,1,9.426,343.5,9.141,72.22,-11.68,72.06,NAIN,4370,0,0
2018,5,4,18,0,0,1,1,9.427,343.5,9.141,72.22,-11.68,72.06,NAIN,4375,0,0
2018,5,4,18,0,0,1,1,9.428,343.5,9.142,72.22,-11.68,72.06,NAIN,4379,0,0
2018,5,4,18,0,0,1,1,9.429,343.5,9.143,72.21,-11.68,72.06,NAIN,4383,0,0
2018,5,4,18,0,0,1,1,9.431,343.5,9.143,72.21,-11.68,72.06,NAIN,4387,0,0
2018,5,4,18,0,0,1,1,9.433,343.5,9.145,72.21,-11.68,72.05,NAIN,4392,0,0
2018,5,4,18,0,0,1,1,9.435,343.5,9.146,72.21,-11.68,72.05,NAIN,4396,0,0
2018,5,4,18,0,0,1,1,9.437,343.5,9.147,72.21,-11.68,72.05,NAIN,4400,0,0
2018,5,4,18,0,0,1,1,9.439,343.5,9.149,72.2,-11.67,72.05,NAIN,4405,0,0
2018,5,4,18,0,0,1,1,9.441,343.5,9.151,72.2,-11.67,72.05,NAIN,4409,0,0
2018,5,4,18,0,0,1,1,9.443,343.5,9.153,72.2,-11.67,72.05,NAIN,4413,0,0
2018,5,4,18,0,0,1,1,9.446,343.5,9.155,72.2,-11.67,72.04,NAIN,4417,0,0
2018,5,4,18,0,0,1,1,9.449,343.5,9.158,72.2,-11.66,72.04,NAIN,4422,0,0
2018,5,4,18,0,0,1,1,9.452,343.5,9.16,72.2,-11.66,72.04,NAIN,4426,0,0
2018,5,4,18,0,0,1,1,9.455,343.5,9.163,72.19,-11.66,72.04,NAIN,4430,0,0
2018,5,4,18,0,0,1,1,9.458,343.5,9.166,72.19,-11.66,72.04,NAIN,4435,0,0
2018,5,4,18,0,0,1,1,9.461,343.5,9.169,72.19,-11.65,72.04,NAIN,4439,0,0
2018,5,4,18,0,0,1,1,9.465,343.5,9.173,72.19,-11.65,72.04,NAIN,4443,0,0
2018,5,4,18,0,0,1,1,9.468,343.5,9.176,72.19,-11.64,72.04,NAIN,4447,0,0
2018,5,4,18,0,0,1,1,9.472,343.5,9.18,72.19,-11.64,72.04,NAIN,4452,0,0
2018,5,4,18,0,0,1,1,9.476,343.5,9.184,72.19,-11.64,72.04,NAIN,4456,0,0
2018,5,4,18,0,0,1,1,9.48,343.5,9.188,72.19,-11.63,72.04,NAIN,4460,0,0
2018,5,4,18,0,0,1,1,9.485,343.5,9.192,72.18,-11.63,72.03,NAIN,4465,0,0
2018,5,4,18,0,0,1,1,9.489,343.5,9.196,72.18,-11.62,72.03,NAIN,4469,0,0
2018,5,4,18,0,0,1,1,9.494,343.5,9.201,72.18,-11.62,72.03,NAIN,4473,0,0
2018,5,4,18,0,0,1,1,9.499,343.5,9.206,72.18,-11.61,72.03,NAIN,4477,0,0
2018,5,4,18,0,0,1,1,9.504,343.5,9.211,72.18,-11.61,72.03,NAIN,4482,0,0
2018,5,4,18,0,0,1,1,9.509,343.5,9.216,72.18,-11.6,72.03,NAIN,4486,0,0
2018,5,4,18,0,0,1,1,9.514,343.5,9.221,72.18,-11.6,72.03,NAIN,4490,0,0
2018,5,4,18,0,0,1,1,9.52,343.5,9.227,72.18,-11.59,72.03,NAIN,4495,0,0
2018,5,4,18,0,0,1,1,9.526,343.5,9.233,72.18,-11.59,72.03,NAIN,4499,0,0
2018,5,4,18,0,0,1,1,9.532,343.5,9.239,72.18,-11.58,72.03,NAIN,4503,0,0
2018,5,4,18,0,0,1,1,9.538,343.5,9.245,72.18,-11.58,72.03,NAIN,4507,0,0
2018,5,4,18,0,0,1,1,9.544,343.5,9.251,72.18,-11.57,72.03,NAIN,4512,0,0
2018,5,4,18,0,0,1,1,9.55,343.5,9.258,72.18,-11.56,72.03,NAIN,4516,0,0
2018,5,4,18,0,0,1,1,9.557,343.5,9.264,72.18,-11.56,72.03,NAIN,4520,0,0
2018,5,4,18,0,0,1,1,9.563,343.5,9.271,72.18,-11.55,72.03,NAIN,4525,0,0
2018,5,4,18,0,0,1,1,9.57,343.5,9.278,72.17,-11.54,72.03,NAIN,4529,0,0
2018,5,4,18,0,0,1,1,9.577,343.5,9.285,72.17,-11.53,72.03,NAIN,4533,0,0
2018,5,4,18,0,0,1,1,9.585,343.5,9.293,72.17,-11.53,72.04,NAIN,4537,0,0
2018,5,4,18,0,0,1,1,9.592,343.5,9.3,72.17,-11.52,72.04,NAIN,4542,0,0
2018,5,4,18,0,0,1,1,9.6,343.5,9.308,72.17,-11.51,72.04,NAIN,4546,0,0
2018,5,4,18,0,0,1,1,9.608,343.5,9.316,72.17,-11.5,72.04,NAIN,4550,0,0
2018,5,4,18,0,0,1,1,9.616,343.5,9.325,72.17,-11.5,72.04,NAIN,4555,0,0
2018,5,4,18,0,0,1,1,9.624,343.5,9.333,72.17,-11.49,72.04,NAIN,4559,0,0
2018,5,4,18,0,0,1,1,9.632,343.5,9.341,72.17,-11.48,72.04,NAIN,4563,0,0
2018,5,4,18,0,0,1,1,9.641,343.5,9.35,72.17,-11.47,72.04,NAIN,4567,0,0
2018,5,4,18,0,0,1,1,9.649,343.5,9.359,72.17,-11.46,72.04,NAIN,4572,0,0
2018,5,4,18,0,0,1,1,9.658,343.5,9.368,72.17,-11.45,72.04,NAIN,4576,0,0
2018,5,4,18,0,0,1,1,9.667,343.5,9.378,72.17,-11.44,72.04,NAIN,4580,0,0
2018,5,4,18,0,0,1,1,9.676,343.5,9.387,72.17,-11.43,72.04,NAIN,4585,0,0
2018,5,4,18,0,0,1,1,9.686,343.5,9.397,72.17,-11.42,72.04,NAIN,4589,0,0
2018,5,4,18,0,0,1,1,9.695,343.5,9.407,72.17,-11.41,72.04,NAIN,4593,0,0
2018,5,4,18,0,0,1,1,9.705,343.5,9.417,72.17,-11.4,72.04,NAIN,4597,0,0
2018,5,4,18,0,0,1,1,9.715,343.6,9.427,72.17,-11.39,72.04,NAIN,4602,0,0
2018,5,4,18,0,0,1,1,9.725,343.6,9.437,72.17,-11.38,72.04,NAIN,4606,0,0
2018,5,4,18,0,0,1,1,9.736,343.6,9.448,72.17,-11.37,72.05,NAIN,4610,0,0
2018,5,4,18,0,0,1,1,9.746,343.6,9.459,72.16,-11.36,72.05,NAIN,4615,0,0
2018,5,4,18,0,0,1,1,9.757,343.6,9.47,72.16,-11.35,72.05,NAIN,4619,0,0
2018,5,4,18,0,0,1,1,9.768,343.6,9.481,72.16,-11.34,72.05,NAIN,4623,0,0
2018,5,4,18,0,0,1,1,9.779,343.6,9.492,72.16,-11.33,72.05,NAIN,4627,0,0
2018,5,4,18,0,0,1,1,9.79,343.6,9.504,72.16,-11.32,72.05,NAIN,4632,0,0
2018,5,4,18,0,0,1,1,9.801,343.6,9.516,72.16,-11.3,72.05,NAIN,4636,0,0
2018,5,4,18,0,0,1,1,9.813,343.6,9.527,72.16,-11.29,72.05,NAIN,4640,0,0
2018,5,4,18,0,0,1,1,9.824,343.6,9.539,72.16,-11.28,72.05,NAIN,4645,0,0
2018,5,4,18,0,0,1,1,9.836,343.6,9.552,72.16,-11.27,72.05,NAIN,4649,0,0
2018,5,4,18,0,0,1,1,9.848,343.6,9.564,72.16,-11.26,72.05,NAIN,4653,0,0
2018,5,4,18,0,0,1,1,9.861,343.6,9.577,72.16,-11.24,72.05,NAIN,4657,0,0
2018,5,4,18,0,0,1,1,9.873,343.6,9.589,72.16,-11.23,72.05,NAIN,4662,0,0
2018,5,4,18,0,0,1,1,9.886,343.6,9.602,72.16,-11.22,72.05,NAIN,4666,0,0
2018,5,4,18,0,0,1,1,9.899,343.6,9.616,72.16,-11.2,72.06,NAIN,4670,0,0
2018,5,4,18,0,0,1,1,9.912,343.6,9.629,72.15,-11.19,72.06,NAIN,4674,0,0
2018,5,4,18,0,0,1,1,9.925,343.6,9.642,72.15,-11.18,72.06,NAIN,4679,0,0
2018,5,4,18,0,0,1,1,9.938,343.6,9.656,72.15,-11.16,72.06,NAIN,4683,0,0
2018,5,4,18,0,0,1,1,9.952,343.6,9.67,72.15,-11.15,72.06,NAIN,4687,0,0
2018,5,4,18,0,0,1,1,9.965,343.6,9.684,72.15,-11.14,72.06,NAIN,4692,0,0
2018,5,4,18,0,0,1,1,9.979,343.6,9.698,72.15,-11.12,72.06,NAIN,4696,0,0
2018,5,4,18,0,0,1,1,9.993,343.6,9.712,72.15,-11.11,72.06,NAIN,4700,0,0
2018,5,4,18,0,0,1,1,10.01,343.6,9.727,72.15,-11.09,72.06,NAIN,4704,0,0
2018,5,4,18,0,0,1,1,10.02,343.6,9.741,72.15,-11.08,72.06,NAIN,4709,0,0
2018,5,4,18,0,0,1,1,10.04,343.6,9.756,72.14,-11.06,72.06,NAIN,4713,0,0
2018,5,4,18,0,0,1,1,10.05,343.6,9.771,72.14,-11.05,72.06,NAIN,4717,0,0
2018,5,4,18,0,0,1,1,10.07,343.6,9.786,72.14,-11.03,72.06,NAIN,4722,0,0
2018,5,4,18,0,0,1,1,10.08,343.6,9.802,72.14,-11.02,72.06,NAIN,4726,0,0
2018,5,4,18,0,0,1,1,10.1,343.6,9.817,72.14,-11,72.06,NAIN,4730,0,0
2018,5,4,18,0,0,1,1,10.14,343.7,9.879,72.19,-10.95,72.12,NAIN,4734,0,0
2018,5,4,18,0,0,1,1,10.16,343.7,9.895,72.19,-10.93,72.12,NAIN,4739,0,0
2018,5,4,18,0,0,1,1,10.17,343.7,9.911,72.19,-10.92,72.12,NAIN,4743,0,0
2018,5,4,18,0,0,1,1,10.19,343.7,9.927,72.19,-10.9,72.12,NAIN,4747,0,0
2018,5,4,18,0,0,1,1,10.2,343.7,9.943,72.19,-10.88,72.12,NAIN,4752,0,0
2018,5,4,18,0,0,1,1,10.22,343.7,9.959,72.18,-10.87,72.12,NAIN,4756,0,0
2018,5,4,18,0,0,1,1,10.24,343.7,9.976,72.18,-10.85,72.12,NAIN,4760,0,0
2018,5,4,18,0,0,1,1,10.25,343.7,9.993,72.18,-10.83,72.12,NAIN,4764,0,0
2018,5,4,18,0,0,1,1,10.27,343.7,10.01,72.18,-10.82,72.12,NAIN,4769,0,0
2018,5,4,18,0,0,1,1,10.29,343.7,10.03,72.18,-10.8,72.12,NAIN,4773,0,0
2018,5,4,18,0,0,1,1,10.3,343.7,10.04,72.17,-10.78,72.12,NAIN,4777,0,0
2018,5,4,18,0,0,1,1,10.32,343.7,10.06,72.17,-10.76,72.12,NAIN,4782,0,0
2018,5,4,18,0,0,1,1,10.34,343.7,10.08,72.17,-10.75,72.12,NAIN,4786,0,0
2018,5,4,18,0,0,1,1,10.35,343.7,10.1,72.17,-10.73,72.12,NAIN,4790,0,0
2018,5,4,18,0,0,1,1,10.37,343.8,10.11,72.16,-10.71,72.12,NAIN,4794,0,0
2018,5,4,18,0,0,1,1,10.39,343.8,10.13,72.16,-10.69,72.12,NAIN,4799,0,0
2018,5,4,18,0,0,1,1,10.41,343.8,10.15,72.16,-10.67,72.12,NAIN,4803,0,0
2018,5,4,18,0,0,1,1,10.43,343.8,10.17,72.16,-10.66,72.12,NAIN,4807,0,0
2018,5,4,18,0,0,1,1,10.45,343.8,10.19,72.15,-10.64,72.12,NAIN,4812,0,0
2018,5,4,18,0,0,1,1,10.46,343.8,10.2,72.15,-10.62,72.12,NAIN,4816,0,0
2018,5,4,18,0,0,1,1,10.48,343.8,10.22,72.15,-10.6,72.12,NAIN,4820,0,0
2018,5,4,18,0,0,1,1,10.5,343.8,10.24,72.14,-10.58,72.12,NAIN,4824,0,0
2018,5,4,18,0,0,1,1,10.52,343.8,10.26,72.14,-10.56,72.12,NAIN,4829,0,0
2018,5,4,18,0,0,1,1,10.54,343.8,10.28,72.14,-10.54,72.12,NAIN,4833,0,0
2018,5,4,18,0,0,1,1,10.56,343.8,10.3,72.13,-10.52,72.12,NAIN,4837,0,0
2018,5,4,18,0,0,1,1,10.58,343.8,10.32,72.13,-10.5,72.12,NAIN,4842,0,0
2018,5,4,18,0,0,1,1,10.6,343.8,10.34,72.13,-10.48,72.11,NAIN,4846,0,0
2018,5,4,18,0,0,1,1,10.62,343.8,10.36,72.12,-10.46,72.11,NAIN,4850,0,0
2018,5,4,18,0,0,1,1,10.64,343.8,10.38,72.12,-10.44,72.11,NAIN,4854,0,0
2018,5,4,18,0,0,1,1,10.66,343.8,10.4,72.12,-10.42,72.11,NAIN,4859,0,0
2018,5,4,18,0,0,1,1,10.68,343.8,10.42,72.11,-10.4,72.11,NAIN,4863,0,0
2018,5,4,18,0,0,1,1,10.7,343.8,10.44,72.11,-10.38,72.11,NAIN,4867,0,0
2018,5,4,18,0,0,1,1,10.72,343.8,10.46,72.11,-10.36,72.11,NAIN,4872,0,0
2018,5,4,18,0,0,1,1,10.74,343.8,10.48,72.1,-10.34,72.11,NAIN,4876,0,0
2018,5,4,18,0,0,1,1,10.76,343.8,10.5,72.1,-10.32,72.1,NAIN,4880,0,0
2018,5,4,18,0,0,1,1,10.78,343.8,10.52,72.09,-10.3,72.1,NAIN,4884,0,0
2018,5,4,18,0,0,1,1,10.8,343.8,10.54,72.09,-10.28,72.1,NAIN,4889,0,0
2018,5,4,18,0,0,1,1,10.82,343.8,10.56,72.09,-10.26,72.1,NAIN,4893,0,0
2018,5,4,18,0,0,1,1,10.84,343.8,10.58,72.08,-10.24,72.1,NAIN,4897,0,0
2018,5,4,18,0,0,1,1,10.87,343.8,10.6,72.08,-10.21,72.09,NAIN,4902,0,0
2018,5,4,18,0,0,1,1,10.89,343.8,10.62,72.07,-10.19,72.09,NAIN,4906,0,0
2018,5,4,18,0,0,1,1,10.91,343.8,10.65,72.07,-10.17,72.09,NAIN,4910,0,0
2018,5,4,18,0,0,1,1,10.93,343.8,10.67,72.06,-10.15,72.09,NAIN,4914,0,0
2018,5,4,18,0,0,1,1,10.95,343.8,10.69,72.06,-10.13,72.09,NAIN,4919,0,0
2018,5,4,18,0,0,1,1,10.98,343.8,10.71,72.05,-10.1,72.08,NAIN,4923,0,0
2018,5,4,18,0,0,1,1,11,343.8,10.73,72.05,-10.08,72.08,NAIN,4927,0,0
2018,5,4,18,0,0,1,1,11.02,343.8,10.75,72.04,-10.06,72.08,NAIN,4932,0,0
2018,5,4,18,0,0,1,1,11.04,343.8,10.78,72.04,-10.04,72.08,NAIN,4936,0,0
2018,5,4,18,0,0,1,1,11.07,343.8,10.8,72.03,-10.02,72.08,NAIN,4940,0,0
2018,5,4,18,0,0,1,1,11.09,343.8,10.82,72.03,-9.992,72.07,NAIN,4944,0,0
2018,5,4,18,0,0,1,1,11.11,343.8,10.84,72.02,-9.969,72.07,NAIN,4949,0,0
2018,5,4,18,0,0,1,1,11.13,343.8,10.87,72.02,-9.946,72.07,NAIN,4953,0,0
2018,5,4,18,0,0,1,1,11.16,343.8,10.89,72.01,-9.923,72.06,NAIN,4957,0,0
2018,5,4,18,0,0,1,1,11.18,343.8,10.91,72.01,-9.9,72.06,NAIN,4962,0,0
2018,5,4,18,0,0,1,1,11.2,343.8,10.93,72,-9.877,72.06,NAIN,4966,0,0
2018,5,4,18,0,0,1,1,11.23,343.8,10.96,72,-9.853,72.06,NAIN,4970,0,0
2018,5,4,18,0,0,1,1,11.25,343.8,10.98,71.99,-9.83,72.05,NAIN,4974,0,0
2018,5,4,18,0,0,1,1,11.28,343.8,11,71.98,-9.806,72.05,NAIN,4979,0,0
2018,5,4,18,0,0,1,1,11.3,343.8,11.03,71.98,-9.783,72.05,NAIN,4983,0,0
2018,5,4,18,0,0,1,1,11.32,343.8,11.05,71.97,-9.759,72.04,NAIN,4987,0,0
2018,5,4,18,0,0,1,1,11.35,343.8,11.07,71.97,-9.735,72.04,NAIN,4992,0,0
2018,5,4,18,0,0,1,1,11.37,343.8,11.1,71.96,-9.711,72.04,NAIN,4996,0,0
2018,5,4,18,0,0,1,1,11.4,343.9,11.12,71.95,-9.686,72.03,NAIN,5000,0,0
2018,5,4,18,0,0,1,1,11.42,343.9,11.14,71.95,-9.662,72.03,NAIN,5004,0,0
2018,5,4,18,0,0,1,1,11.45,343.9,11.17,71.94,-9.638,72.03,NAIN,5009,0,0
2018,5,4,18,0,0,1,1,11.47,343.9,11.19,71.93,-9.613,72.02,NAIN,5013,0,0
2018,5,4,18,0,0,1,1,11.49,343.9,11.22,71.93,-9.589,72.02,NAIN,5017,0,0
2018,5,4,18,0,0,1,1,11.52,343.9,11.24,71.92,-9.564,72.01,NAIN,5022,0,0
2018,5,4,18,0,0,1,1,11.54,343.9,11.26,71.91,-9.539,72.01,NAIN,5026,0,0
2018,5,4,18,0,0,1,1,11.6,343.9,11.33,71.96,-9.478,72.06,NAIN,5030,0,0
2018,5,4,18,0,0,1,1,11.62,343.9,11.36,71.95,-9.453,72.06,NAIN,5034,0,0
2018,5,4,18,0,0,1,1,11.65,343.9,11.38,71.94,-9.428,72.05,NAIN,5039,0,0
2018,5,4,18,0,0,1,1,11.67,343.9,11.4,71.93,-9.403,72.05,NAIN,5043,0,0
2018,5,4,18,0,0,1,1,11.7,343.9,11.43,71.93,-9.378,72.04,NAIN,5047,0,0
2018,5,4,18,0,0,1,1,11.72,343.9,11.45,71.92,-9.352,72.04,NAIN,5052,0,0
2018,5,4,18,0,0,1,1,11.75,343.9,11.48,71.91,-9.327,72.03,NAIN,5056,0,0
2018,5,4,18,0,0,1,1,11.78,343.9,11.5,71.9,-9.302,72.03,NAIN,5060,0,0
2018,5,4,18,0,0,1,1,11.8,343.9,11.53,71.9,-9.276,72.02,NAIN,5064,0,0
2018,5,4,18,0,0,1,1,11.83,343.9,11.55,71.89,-9.251,72.02,NAIN,5069,0,0
2018,5,4,18,0,0,1,1,11.85,343.9,11.58,71.88,-9.225,72.02,NAIN,5073,0,0
2018,5,4,18,0,0,1,1,11.88,343.9,11.6,71.87,-9.199,72.01,NAIN,5077,0,0
2018,5,4,18,0,0,1,1,11.91,343.9,11.63,71.86,-9.173,72,NAIN,5082,0,0
2018,5,4,18,0,0,1,1,11.93,343.9,11.65,71.86,-9.147,72,NAIN,5086,0,0
2018,5,4,18,0,0,1,1,11.96,343.9,11.68,71.85,-9.121,71.99,NAIN,5090,0,0
2018,5,4,18,0,0,1,1,11.99,343.9,11.7,71.84,-9.095,71.99,NAIN,5094,0,0
2018,5,4,18,0,0,1,1,12.01,343.9,11.73,71.83,-9.069,71.98,NAIN,5099,0,0
2018,5,4,18,0,0,1,1,12.04,343.9,11.75,71.82,-9.043,71.98,NAIN,5103,0,0
2018,5,4,18,0,0,1,1,12.07,343.9,11.78,71.81,-9.017,71.97,NAIN,5107,0,0
2018,5,4,18,0,0,1,1,12.09,343.9,11.8,71.8,-8.99,71.97,NAIN,5112,0,0
2018,5,4,18,0,0,1,1,12.12,343.9,11.83,71.79,-8.964,71.96,NAIN,5116,0,0
2018,5,4,18,0,0,1,1,12.15,343.9,11.86,71.79,-8.937,71.95,NAIN,5120,0,0
2018,5,4,18,0,0,1,1,12.17,343.9,11.88,71.78,-8.911,71.95,NAIN,5124,0,0
2018,5,4,18,0,0,1,1,12.2,343.9,11.91,71.77,-8.884,71.94,NAIN,5129,0,0
2018,5,4,18,0,0,1,1,12.23,343.9,11.93,71.76,-8.857,71.94,NAIN,5133,0,0
2018,5,4,18,0,0,1,1,12.26,343.9,11.96,71.75,-8.831,71.93,NAIN,5137,0,0
2018,5,4,18,0,0,1,1,12.28,343.9,11.98,71.74,-8.804,71.92,NAIN,5141,0,0
2018,5,4,18,0,0,1,1,12.31,343.9,12.01,71.73,-8.777,71.92,NAIN,5146,0,0
2018,5,4,18,0,0,1,1,12.34,343.9,12.04,71.72,-8.75,71.91,NAIN,5150,0,0
2018,5,4,18,0,0,1,1,12.37,343.9,12.06,71.71,-8.723,71.9,NAIN,5154,0,0
2018,5,4,18,0,0,1,1,12.39,343.9,12.09,71.7,-8.696,71.9,NAIN,5159,0,0
2018,5,4,18,0,0,1,1,12.42,343.9,12.12,71.69,-8.669,71.89,NAIN,5163,0,0
2018,5,4,18,0,0,1,1,12.45,343.9,12.14,71.68,-8.641,71.88,NAIN,5167,0,0
2018,5,4,18,0,0,1,1,12.48,343.9,12.17,71.67,-8.614,71.88,NAIN,5171,0,0
2018,5,4,18,0,0,1,1,12.51,343.9,12.19,71.66,-8.587,71.87,NAIN,5176,0,0
2018,5,4,18,0,0,1,1,12.53,343.9,12.22,71.65,-8.56,71.86,NAIN,5180,0,0
2018,5,4,18,0,0,1,1,12.56,343.9,12.25,71.64,-8.532,71.86,NAIN,5184,0,0
2018,5,4,18,0,0,1,1,12.59,343.9,12.27,71.63,-8.505,71.85,NAIN,5189,0,0
2018,5,4,18,0,0,1,1,12.62,343.9,12.3,71.62,-8.477,71.84,NAIN,5193,0,0
2018,5,4,18,0,0,1,1,12.65,343.9,12.33,71.61,-8.45,71.83,NAIN,5197,0,0
2018,5,4,18,0,0,1,1,12.68,343.9,12.35,71.59,-8.422,71.83,NAIN,5201,0,0
2018,5,4,18,0,0,1,1,12.71,343.9,12.38,71.58,-8.394,71.82,NAIN,5206,0,0
2018,5,4,18,0,0,1,1,12.73,343.9,12.41,71.57,-8.367,71.81,NAIN,5210,0,0
2018,5,4,18,0,0,1,1,12.76,343.9,12.43,71.56,-8.339,71.8,NAIN,5214,0,0
2018,5,4,18,0,0,1,1,12.79,343.9,12.46,71.55,-8.311,71.8,NAIN,5219,0,0
2018,5,4,18,0,0,1,1,12.82,343.9,12.49,71.54,-8.283,71.79,NAIN,5223,0,0
2018,5,4,18,0,0,1,1,12.85,343.9,12.51,71.53,-8.255,71.78,NAIN,5227,0,0
2018,5,4,18,0,0,1,1,12.88,343.9,12.54,71.52,-8.228,71.77,NAIN,5231,0,0
2018,5,4,18,0,0,1,1,12.91,343.9,12.57,71.5,-8.2,71.76,NAIN,5236,0,0
2018,5,4,18,0,0,1,1,12.94,343.9,12.59,71.49,-8.172,71.76,NAIN,5240,0,0
2018,5,4,18,0,0,1,1,12.96,343.8,12.62,71.48,-8.144,71.75,NAIN,5244,0,0
2018,5,4,18,0,0,1,1,12.99,343.8,12.65,71.47,-8.116,71.74,NAIN,5249,0,0
2018,5,4,18,0,0,1,1,13.02,343.8,12.67,71.46,-8.088,71.73,NAIN,5253,0,0
2018,5,4,18,0,0,1,1,13.05,343.8,12.7,71.44,-8.059,71.72,NAIN,5257,0,0
2018,5,4,18,0,0,1,1,13.08,343.8,12.73,71.43,-8.031,71.71,NAIN,5261,0,0
2018,5,4,18,0,0,1,1,13.11,343.8,12.75,71.42,-8.003,71.7,NAIN,5266,0,0
2018,5,4,18,0,0,1,1,13.14,343.8,12.78,71.41,-7.975,71.7,NAIN,5270,0,0
2018,5,4,18,0,0,1,1,13.17,343.8,12.81,71.39,-7.947,71.69,NAIN,5274,0,0
2018,5,4,18,0,0,1,1,13.2,343.8,12.83,71.38,-7.918,71.68,NAIN,5279,0,0
2018,5,4,18,0,0,1,1,13.23,343.8,12.86,71.37,-7.89,71.67,NAIN,5283,0,0
2018,5,4,18,0,0,1,1,13.26,343.8,12.89,71.36,-7.862,71.66,NAIN,5287,0,0
2018,5,4,18,0,0,1,1,13.29,343.8,12.92,71.34,-7.833,71.65,NAIN,5291,0,0
2018,5,4,18,0,0,1,1,13.32,343.8,12.94,71.33,-7.805,71.64,NAIN,5296,0,0
2018,5,4,18,0,0,1,1,13.35,343.8,12.97,71.32,-7.777,71.63,NAIN,5300,0,0
2018,5,4,18,0,0,1,1,13.38,343.8,13,71.31,-7.748,71.62,NAIN,5304,0,0
2018,5,4,18,0,0,1,1,13.41,343.8,13.02,71.29,-7.72,71.61,NAIN,5309,0,0
2018,5,4,18,0,0,1,1,13.44,343.8,13.05,71.28,-7.691,71.6,NAIN,5313,0,0
2018,5,4,18,0,0,1,1,13.47,343.8,13.08,71.27,-7.663,71.59,NAIN,5317,0,0
2018,5,4,18,0,0,1,1,13.49,343.8,13.11,71.25,-7.634,71.58,NAIN,5321,0,0
2018,5,4,18,0,0,1,1,13.52,343.8,13.13,71.24,-7.606,71.57,NAIN,5326,0,0
2018,5,4,18,0,0,1,1,13.58,343.8,13.2,71.27,-7.544,71.61,NAIN,5330,0,0
2018,5,4,18,0,0,1,1,18.65,341.9,17.49,67.86,-2.866,68.9,NAIN,6100,0,0
2018,5,4,18,0,0,1,1,-6.257,359.3,-1.403,91.86,-23.24,92.03,NAIN,2140,0,0
