year,month,dom,hour,min,sec,kp,infi,algeo,apgeo,algsm,apgsm,algse,apgse,tag,rig,zen,azi
2018,5,4,12,0,0,1,1,-23.66,39.5,-43.15,39.8,-46.8,35.03,NAIN,1050,0,0
2018,5,4,12,0,0,1,1,-23.62,39.48,-43.1,39.77,-46.75,35,NAIN,1054,0,0
2018,5,4,12,0,0,1,1,-23.69,38.94,-43.19,39.1,-46.78,34.28,NAIN,1059,0,0
2018,5,4,12,0,0,1,1,-23.74,38.39,-43.25,38.41,-46.78,33.54,NAIN,1063,0,0
2018,5,4,12,0,0,1,1,-23.76,37.83,-43.29,37.72,-46.76,32.8,NAIN,1067,0,0
2018,5,4,12,0,0,1,1,-23.63,37.83,-43.16,37.71,-46.63,32.81,NAIN,1071,0,0
2018,5,4,12,0,0,1,1,-23.62,37.25,-43.16,36.97,-46.56,32.04,NAIN,1076,0,0
2018,5,4,12,0,0,1,1,-23.6,36.64,-43.15,36.21,-46.48,31.24,NAIN,1080,0,0
2018,5,4,12,0,0,1,1,-23.58,36,-43.13,35.41,-46.39,30.4,NAIN,1084,0,0
2018,5,4,12,0,0,1,1,-23.55,35.33,-43.1,34.57,-46.29,29.52,NAIN,1089,0,0
2018,5,4,12,0,0,1,1,-23.38,35.24,-42.93,34.45,-46.11,29.43,NAIN,1093,0,0
2018,5,4,12,0,0,1,1,-23.35,34.51,-42.91,33.54,-46,28.48,NAIN,1097,0,0
2018,5,4,12,0,0,1,1,-23.34,33.74,-42.89,32.57,-45.89,27.47,NAIN,1101,0,0
2018,5,4,12,0,0,1,1,-23.2,33.58,-42.74,32.37,-45.73,27.29,NAIN,1106,0,0
2018,5,4,12,0,0,1,1,-23.21,32.75,-42.74,31.33,-45.63,26.2,NAIN,1110,0,0
2018,5,4,12,0,0,1,1,-23.1,32.53,-42.63,31.07,-45.5,25.95,NAIN,1114,0,0
2018,5,4,12,0,0,1,1,-23.15,31.65,-42.66,29.97,-45.42,24.8,NAIN,1119,0,0
2018,5,4,12,0,0,1,1,-23.08,31.41,-42.58,29.66,-45.32,24.5,NAIN,1123,0,0
2018,5,4,12,0,0,1,1,-23.03,31.15,-42.52,29.34,-45.23,24.17,NAIN,1127,0,0
2018,5,4,12,0,0,1,1,-23,30.88,-42.48,29.01,-45.16,23.84,NAIN,1131,0,0
2018,5,4,12,0,0,1,1,-22.98,30.61,-42.46,28.67,-45.1,23.49,NAIN,1136,0,0
2018,5,4,12,0,0,1,1,-22.99,30.33,-42.45,28.33,-45.06,23.14,NAIN,1140,0,0
2018,5,4,12,0,0,1,1,-23,30.07,-42.46,27.99,-45.04,22.79,NAIN,1144,0,0
2018,5,4,12,0,0,1,1,-23.03,29.81,-42.48,27.67,-45.03,22.45,NAIN,1149,0,0
2018,5,4,12,0,0,1,1,-23.07,29.56,-42.51,27.36,-45.02,22.13,NAIN,1153,0,0
2018,5,4,12,0,0,1,1,-23.11,29.33,-42.54,27.07,-45.03,21.82,NAIN,1157,0,0
2018,5,4,12,0,0,1,1,-23.16,29.12,-42.58,26.81,-45.04,21.54,NAIN,1161,0,0
2018,5,4,12,0,0,1,1,-23.2,28.93,-42.61,26.56,-45.05,21.29,NAIN,1166,0,0
2018,5,4,12,0,0,1,1,-23.25,28.76,-42.65,26.35,-45.06,21.06,NAIN,1170,0,0
2018,5,4,12,0,0,1,1,-23.28,28.62,-42.68,26.17,-45.08,20.87,NAIN,1174,0,0
2018,5,4,12,0,0,1,1,-23.31,28.5,-42.7,26.01,-45.09,20.7,NAIN,1179,0,0
2018,5,4,12,0,0,1,1,-23.33,28.4,-42.72,25.89,-45.09,20.57,NAIN,1183,0,0
2018,5,4,12,0,0,1,1,-23.34,28.32,-42.72,25.79,-45.08,20.47,NAIN,1187,0,0
2018,5,4,12,0,0,1,1,-23.45,27.65,-42.8,24.94,-45.08,19.58,NAIN,1191,0,0
2018,5,4,12,0,0,1,1,-23.43,27.61,-42.78,24.9,-45.05,19.54,NAIN,1196,0,0
2018,5,4,12,0,0,1,1,-23.4,27.59,-42.74,24.88,-45.01,19.52,NAIN,1200,0,0
2018,5,4,12,0,0,1,1,-23.34,27.59,-42.69,24.88,-44.96,19.53,NAIN,1204,0,0
2018,5,4,12,0,0,1,1,-23.39,26.97,-42.7,24.1,-44.89,18.73,NAIN,1209,0,0
2018,5,4,12,0,0,1,1,-23.3,26.98,-42.61,24.13,-44.81,18.78,NAIN,1213,0,0
2018,5,4,12,0,0,1,1,-23.32,26.38,-42.59,23.37,-44.71,18.01,NAIN,1217,0,0
2018,5,4,12,0,0,1,1,-23.2,26.4,-42.47,23.41,-44.6,18.07,NAIN,1221,0,0
2018,5,4,12,0,0,1,1,-23.18,25.79,-42.41,22.66,-44.47,17.31,NAIN,1226,0,0
2018,5,4,12,0,0,1,1,-23.04,25.82,-42.28,22.7,-44.33,17.38,NAIN,1230,0,0
2018,5,4,12,0,0,1,1,-23,25.19,-42.19,21.94,-44.17,16.61,NAIN,1234,0,0
2018,5,4,12,0,0,1,1,-22.84,25.2,-42.03,21.97,-44.02,16.67,NAIN,1239,0,0
2018,5,4,12,0,0,1,1,-22.77,24.56,-41.92,21.18,-43.83,15.88,NAIN,1243,0,0
2018,5,4,12,0,0,1,1,-22.6,24.55,-41.75,21.18,-43.66,15.92,NAIN,1247,0,0
2018,5,4,12,0,0,1,1,-22.53,23.88,-41.62,20.36,-43.45,15.11,NAIN,1251,0,0
2018,5,4,12,0,0,1,1,-22.36,23.84,-41.45,20.34,-43.28,15.12,NAIN,1256,0,0
2018,5,4,12,0,0,1,1,-22.19,23.8,-41.27,20.31,-43.1,15.12,NAIN,1260,0,0
2018,5,4,12,0,0,1,1,-22.11,23.07,-41.14,19.42,-42.88,14.24,NAIN,1264,0,0
2018,5,4,12,0,0,1,1,-21.95,22.99,-40.97,19.35,-42.7,14.2,NAIN,1268,0,0
2018,5,4,12,0,0,1,1,-21.88,22.23,-40.84,18.43,-42.48,13.28,NAIN,1273,0,0
2018,5,4,12,0,0,1,1,-21.74,22.12,-40.68,18.31,-42.31,13.2,NAIN,1277,0,0
2018,5,4,12,0,0,1,1,-21.6,22,-40.53,18.19,-42.15,13.09,NAIN,1281,0,0
2018,5,4,12,0,0,1,1,-21.56,21.2,-40.41,17.21,-41.93,12.12,NAIN,1286,0,0
2018,5,4,12,0,0,1,1,-21.44,21.05,-40.28,17.05,-41.79,11.98,NAIN,1290,0,0
2018,5,4,12,0,0,1,1,-21.34,20.89,-40.17,16.87,-41.65,11.83,NAIN,1294,0,0
2018,5,4,12,0,0,1,1,-21.25,20.73,-40.06,16.68,-41.53,11.65,NAIN,1298,0,0
2018,5,4,12,0,0,1,1,-21.25,19.88,-39.97,15.66,-41.34,10.64,NAIN,1303,0,0
2018,5,4,12,0,0,1,1,-21.18,19.7,-39.88,15.45,-41.23,10.44,NAIN,1307,0,0
2018,5,4,12,0,0,1,1,-21.12,19.51,-39.81,15.24,-41.13,10.24,NAIN,1311,0,0
2018,5,4,12,0,0,1,1,-21.08,19.33,-39.74,15.02,-41.05,10.03,NAIN,1316,0,0
2018,5,4,12,0,0,1,1,-21.05,19.14,-39.69,14.8,-40.97,9.811,NAIN,1320,0,0
2018,5,4,12,0,0,1,1,-21.03,18.95,-39.65,14.57,-40.9,9.594,NAIN,1324,0,0
2018,5,4,12,0,0,1,1,-21.01,18.76,-39.61,14.35,-40.85,9.377,NAIN,1328,0,0
2018,5,4,12,0,0,1,1,-21.01,18.58,-39.58,14.14,-40.8,9.163,NAIN,1333,0,0
2018,5,4,12,0,0,1,1,-21.01,18.41,-39.57,13.92,-40.76,8.952,NAIN,1337,0,0
2018,5,4,12,0,0,1,1,-21.01,18.24,-39.55,13.72,-40.72,8.748,NAIN,1341,0,0
2018,5,4,12,0,0,1,1,-21.03,18.08,-39.54,13.52,-40.7,8.552,NAIN,1346,0,0
2018,5,4,12,0,0,1,1,-21.04,17.92,-39.54,13.34,-40.67,8.365,NAIN,1350,0,0
2018,5,4,12,0,0,1,1,-21.06,17.78,-39.54,13.16,-40.65,8.19,NAIN,1354,0,0
2018,5,4,12,0,0,1,1,-21.08,17.65,-39.54,13,-40.64,8.026,NAIN,1358,0,0
2018,5,4,12,0,0,1,1,-21.09,17.53,-39.54,12.85,-40.62,7.877,NAIN,1363,0,0
2018,5,4,12,0,0,1,1,-21.11,17.42,-39.54,12.72,-40.61,7.741,NAIN,1367,0,0
2018,5,4,12,0,0,1,1,-21.12,17.32,-39.54,12.6,-40.6,7.62,NAIN,1371,0,0
2018,5,4,12,0,0,1,1,-21.13,17.23,-39.54,12.49,-40.59,7.515,NAIN,1376,0,0
2018,5,4,12,0,0,1,1,-21.13,17.16,-39.54,12.4,-40.57,7.425,NAIN,1380,0,0
2018,5,4,12,0,0,1,1,-21.13,17.09,-39.52,12.33,-40.55,7.35,NAIN,1384,0,0
2018,5,4,12,0,0,1,1,-21.12,17.04,-39.51,12.26,-40.53,7.29,NAIN,1388,0,0
2018,5,4,12,0,0,1,1,-21.1,17,-39.48,12.21,-40.5,7.246,NAIN,1393,0,0
2018,5,4,12,0,0,1,1,-21.07,16.96,-39.46,12.18,-40.47,7.215,NAIN,1397,0,0
2018,5,4,12,0,0,1,1,-21.04,16.94,-39.42,12.16,-40.43,7.198,NAIN,1401,0,0
2018,5,4,12,0,0,1,1,-21.06,16.3,-39.36,11.39,-40.29,6.438,NAIN,1406,0,0
2018,5,4,12,0,0,1,1,-21.01,16.29,-39.31,11.38,-40.24,6.443,NAIN,1410,0,0
2018,5,4,12,0,0,1,1,-20.95,16.28,-39.25,11.39,-40.18,6.458,NAIN,1414,0,0
2018,5,4,12,0,0,1,1,-20.88,16.28,-39.18,11.4,-40.11,6.482,NAIN,1418,0,0
2018,5,4,12,0,0,1,1,-20.8,16.28,-39.1,11.42,-40.03,6.514,NAIN,1423,0,0
2018,5,4,12,0,0,1,1,-20.71,16.29,-39.01,11.44,-39.95,6.553,NAIN,1427,0,0
2018,5,4,12,0,0,1,1,-20.68,15.68,-38.89,10.72,-39.76,5.851,NAIN,1431,0,0
2018,5,4,12,0,0,1,1,-20.57,15.69,-38.79,10.75,-39.66,5.894,NAIN,1436,0,0
2018,5,4,12,0,0,1,1,-20.46,15.69,-38.68,10.77,-39.55,5.939,NAIN,1440,0,0
2018,5,4,12,0,0,1,1,-20.34,15.69,-38.56,10.8,-39.44,5.986,NAIN,1444,0,0
2018,5,4,12,0,0,1,1,-20.26,15.08,-38.4,10.08,-39.21,5.296,NAIN,1448,0,0
2018,5,4,12,0,0,1,1,-20.13,15.07,-38.27,10.1,-39.08,5.335,NAIN,1453,0,0
2018,5,4,12,0,0,1,1,-19.99,15.06,-38.13,10.11,-38.94,5.371,NAIN,1457,0,0
2018,5,4,12,0,0,1,1,-19.9,14.44,-37.96,9.396,-38.69,4.683,NAIN,1461,0,0
2018,5,4,12,0,0,1,1,-19.76,14.41,-37.81,9.392,-38.55,4.704,NAIN,1466,0,0
2018,5,4,12,0,0,1,1,-19.61,14.38,-37.66,9.383,-38.4,4.72,NAIN,1470,0,0
2018,5,4,12,0,0,1,1,-19.46,14.34,-37.5,9.367,-38.24,4.73,NAIN,1474,0,0
2018,5,4,12,0,0,1,1,-19.35,13.69,-37.31,8.625,-37.97,4.02,NAIN,1478,0,0
2018,5,4,12,0,0,1,1,-19.2,13.64,-37.15,8.588,-37.81,4.009,NAIN,1483,0,0
2018,5,4,12,0,0,1,1,-19.05,13.57,-36.99,8.543,-37.65,3.991,NAIN,1487,0,0
2018,5,4,12,0,0,1,1,-18.9,13.5,-36.83,8.491,-37.49,3.965,NAIN,1491,0,0
2018,5,4,12,0,0,1,1,-18.79,12.83,-36.62,7.722,-37.2,3.23,NAIN,1496,0,0
2018,5,4,12,0,0,1,1,-18.65,12.74,-36.47,7.648,-37.04,3.181,NAIN,1500,0,0
2018,5,4,12,0,0,1,1,-18.51,12.64,-36.32,7.566,-36.88,3.125,NAIN,1504,0,0
2018,5,4,12,0,0,1,1,-18.37,12.54,-36.17,7.478,-36.72,3.061,NAIN,1508,0,0
2018,5,4,12,0,0,1,1,-18.24,12.44,-36.02,7.383,-36.56,2.989,NAIN,1513,0,0
2018,5,4,12,0,0,1,1,-18.14,11.73,-35.82,6.583,-36.28,2.223,NAIN,1517,0,0
2018,5,4,12,0,0,1,1,-18.02,11.61,-35.68,6.469,-36.13,2.132,NAIN,1521,0,0
2018,5,4,12,0,0,1,1,-17.91,11.49,-35.55,6.35,-35.99,2.035,NAIN,1526,0,0
2018,5,4,12,0,0,1,1,-17.8,11.36,-35.42,6.226,-35.85,1.931,NAIN,1530,0,0
2018,5,4,12,0,0,1,1,-17.7,11.23,-35.3,6.098,-35.72,1.823,NAIN,1534,0,0
2018,5,4,12,0,0,1,1,-17.6,11.1,-35.18,5.965,-35.59,1.709,NAIN,1538,0,0
2018,5,4,12,0,0,1,1,-17.54,10.38,-35.01,5.154,-35.33,0.9277,NAIN,1543,0,0
2018,5,4,12,0,0,1,1,-17.46,10.25,-34.91,5.012,-35.21,0.8029,NAIN,1547,0,0
2018,5,4,12,0,0,1,1,-17.39,10.11,-34.81,4.869,-35.1,0.6752,NAIN,1551,0,0
2018,5,4,12,0,0,1,1,-17.32,9.967,-34.72,4.724,-35,0.5448,NAIN,1556,0,0
2018,5,4,12,0,0,1,1,-17.26,9.829,-34.64,4.578,-34.9,0.4127,NAIN,1560,0,0
2018,5,4,12,0,0,1,1,-17.21,9.691,-34.56,4.432,-34.81,0.2793,NAIN,1564,0,0
2018,5,4,12,0,0,1,1,-17.16,9.555,-34.49,4.286,-34.73,0.1447,NAIN,1568,0,0
2018,5,4,12,0,0,1,1,-17.12,9.42,-34.43,4.141,-34.65,0.01012,NAIN,1573,0,0
2018,5,4,12,0,0,1,1,-17.08,9.287,-34.37,3.997,-34.58,359.9,NAIN,1577,0,0
2018,5,4,12,0,0,1,1,-17.05,9.157,-34.32,3.855,-34.51,359.7,NAIN,1581,0,0
2018,5,4,12,0,0,1,1,-17.03,9.029,-34.28,3.715,-34.46,359.6,NAIN,1586,0,0
2018,5,4,12,0,0,1,1,-17.01,8.905,-34.24,3.577,-34.4,359.5,NAIN,1590,0,0
2018,5,4,12,0,0,1,1,-17,8.784,-34.2,3.443,-34.35,359.4,NAIN,1594,0,0
2018,5,4,12,0,0,1,1,-16.99,8.667,-34.17,3.312,-34.31,359.2,NAIN,1598,0,0
2018,5,4,12,0,0,1,1,-16.98,8.554,-34.15,3.185,-34.27,359.1,NAIN,1603,0,0
2018,5,4,12,0,0,1,1,-16.98,8.445,-34.13,3.062,-34.24,359,NAIN,1607,0,0
2018,5,4,12,0,0,1,1,-16.98,8.341,-34.11,2.944,-34.2,358.9,NAIN,1611,0,0
2018,5,4,12,0,0,1,1,-16.98,8.241,-34.09,2.83,-34.18,358.8,NAIN,1616,0,0
2018,5,4,12,0,0,1,1,-16.98,8.146,-34.08,2.721,-34.15,358.7,NAIN,1620,0,0
2018,5,4,12,0,0,1,1,-16.98,8.055,-34.06,2.618,-34.13,358.6,NAIN,1624,0,0
2018,5,4,12,0,0,1,1,-16.99,7.97,-34.05,2.52,-34.11,358.5,NAIN,1628,0,0
2018,5,4,12,0,0,1,1,-16.99,7.889,-34.04,2.428,-34.09,358.4,NAIN,1633,0,0
2018,5,4,12,0,0,1,1,-17,7.814,-34.04,2.341,-34.07,358.3,NAIN,1637,0,0
2018,5,4,12,0,0,1,1,-17,7.743,-34.03,2.26,-34.05,358.2,NAIN,1641,0,0
2018,5,4,12,0,0,1,1,-17,7.677,-34.02,2.184,-34.04,358.1,NAIN,1646,0,0
2018,5,4,12,0,0,1,1,-17.01,7.616,-34.01,2.115,-34.02,358.1,NAIN,1650,0,0
2018,5,4,12,0,0,1,1,-17,7.559,-34,2.05,-34,358,NAIN,1654,0,0
2018,5,4,12,0,0,1,1,-17,7.507,-33.98,1.992,-33.98,357.9,NAIN,1658,0,0
2018,5,4,12,0,0,1,1,-17,7.459,-33.97,1.939,-33.96,357.9,NAIN,1663,0,0
2018,5,4,12,0,0,1,1,-16.99,7.414,-33.95,1.891,-33.94,357.8,NAIN,1667,0,0
2018,5,4,12,0,0,1,1,-16.97,7.374,-33.93,1.848,-33.92,357.8,NAIN,1671,0,0
2018,5,4,12,0,0,1,1,-16.96,7.337,-33.91,1.81,-33.89,357.8,NAIN,1676,0,0
2018,5,4,12,0,0,1,1,-16.94,7.303,-33.88,1.776,-33.86,357.7,NAIN,1680,0,0
2018,5,4,12,0,0,1,1,-16.91,7.273,-33.86,1.747,-33.83,357.7,NAIN,1684,0,0
2018,5,4,12,0,0,1,1,-16.88,7.244,-33.82,1.722,-33.79,357.7,NAIN,1688,0,0
2018,5,4,12,0,0,1,1,-16.85,7.219,-33.78,1.7,-33.76,357.7,NAIN,1693,0,0
2018,5,4,12,0,0,1,1,-16.81,7.194,-33.74,1.681,-33.71,357.7,NAIN,1697,0,0
2018,5,4,12,0,0,1,1,-16.77,7.172,-33.7,1.666,-33.66,357.7,NAIN,1701,0,0
2018,5,4,12,0,0,1,1,-16.74,6.629,-33.57,1.059,-33.48,357.1,NAIN,1706,0,0
2018,5,4,12,0,0,1,1,-16.69,6.609,-33.52,1.048,-33.42,357.1,NAIN,1710,0,0
2018,5,4,12,0,0,1,1,-16.64,6.589,-33.46,1.038,-33.36,357.1,NAIN,1714,0,0
2018,5,4,12,0,0,1,1,-16.57,6.568,-33.39,1.03,-33.3,357.1,NAIN,1718,0,0
2018,5,4,12,0,0,1,1,-16.51,6.548,-33.32,1.022,-33.23,357.1,NAIN,1723,0,0
2018,5,4,12,0,0,1,1,-16.43,6.527,-33.25,1.015,-33.15,357.1,NAIN,1727,0,0
2018,5,4,12,0,0,1,1,-16.36,6.505,-33.17,1.007,-33.07,357.1,NAIN,1731,0,0
2018,5,4,12,0,0,1,1,-16.28,6.481,-33.09,0.9992,-32.99,357.1,NAIN,1735,0,0
2018,5,4,12,0,0,1,1,-16.19,6.456,-33,0.9904,-32.9,357.1,NAIN,1740,0,0
2018,5,4,12,0,0,1,1,-16.1,6.429,-32.91,0.9803,-32.81,357.1,NAIN,1744,0,0
2018,5,4,12,0,0,1,1,-16.01,6.399,-32.81,0.9687,-32.71,357.1,NAIN,1748,0,0
2018,5,4,12,0,0,1,1,-15.91,6.367,-32.71,0.9551,-32.61,357.1,NAIN,1753,0,0
2018,5,4,12,0,0,1,1,-15.81,6.333,-32.6,0.9392,-32.5,357.1,NAIN,1757,0,0
2018,5,4,12,0,0,1,1,-15.72,5.801,-32.41,0.3641,-32.26,356.6,NAIN,1761,0,0
2018,5,4,12,0,0,1,1,-15.61,5.759,-32.3,0.3424,-32.14,356.6,NAIN,1765,0,0
2018,5,4,12,0,0,1,1,-15.5,5.714,-32.18,0.3177,-32.02,356.6,NAIN,1770,0,0
2018,5,4,12,0,0,1,1,-15.39,5.666,-32.06,0.2898,-31.9,356.5,NAIN,1774,0,0
2018,5,4,12,0,0,1,1,-15.27,5.614,-31.94,0.2583,-31.78,356.5,NAIN,1778,0,0
2018,5,4,12,0,0,1,1,-15.16,5.558,-31.81,0.2234,-31.65,356.5,NAIN,1783,0,0
2018,5,4,12,0,0,1,1,-15.04,5.499,-31.69,0.1846,-31.52,356.5,NAIN,1787,0,0
2018,5,4,12,0,0,1,1,-14.91,5.436,-31.56,0.1421,-31.38,356.5,NAIN,1791,0,0
2018,5,4,12,0,0,1,1,-14.79,5.369,-31.42,0.09566,-31.24,356.4,NAIN,1795,0,0
2018,5,4,12,0,0,1,1,-14.67,5.298,-31.29,0.04534,-31.11,356.4,NAIN,1800,0,0
2018,5,4,12,0,0,1,1,-14.55,5.224,-31.15,360,-30.97,356.4,NAIN,1804,0,0
2018,5,4,12,0,0,1,1,-14.43,4.679,-30.93,359.4,-30.69,355.8,NAIN,1808,0,0
2018,5,4,12,0,0,1,1,-14.3,4.598,-30.8,359.4,-30.55,355.8,NAIN,1813,0,0
2018,5,4,12,0,0,1,1,-14.18,4.513,-30.66,359.3,-30.4,355.8,NAIN,1817,0,0
2018,5,4,12,0,0,1,1,-14.05,4.424,-30.52,359.2,-30.26,355.7,NAIN,1821,0,0
2018,5,4,12,0,0,1,1,-13.93,4.333,-30.38,359.1,-30.11,355.7,NAIN,1825,0,0
2018,5,4,12,0,0,1,1,-13.81,4.238,-30.24,359.1,-29.97,355.6,NAIN,1830,0,0
2018,5,4,12,0,0,1,1,-13.69,4.141,-30.11,359,-29.82,355.5,NAIN,1834,0,0
2018,5,4,12,0,0,1,1,-13.57,4.041,-29.97,358.9,-29.68,355.5,NAIN,1838,0,0
2018,5,4,12,0,0,1,1,-13.45,3.938,-29.83,358.8,-29.54,355.4,NAIN,1843,0,0
2018,5,4,12,0,0,1,1,-13.34,3.833,-29.7,358.7,-29.39,355.3,NAIN,1847,0,0
2018,5,4,12,0,0,1,1,-13.22,3.727,-29.57,358.6,-29.25,355.3,NAIN,1851,0,0
2018,5,4,12,0,0,1,1,-13.11,3.618,-29.44,358.6,-29.11,355.2,NAIN,1855,0,0
2018,5,4,12,0,0,1,1,-13,3.508,-29.31,358.5,-28.98,355.1,NAIN,1860,0,0
2018,5,4,12,0,0,1,1,-12.9,2.966,-29.1,357.9,-28.71,354.6,NAIN,1864,0,0
2018,5,4,12,0,0,1,1,-12.79,2.854,-28.98,357.8,-28.58,354.5,NAIN,1868,0,0
2018,5,4,12,0,0,1,1,-12.69,2.742,-28.86,357.7,-28.45,354.4,NAIN,1873,0,0
2018,5,4,12,0,0,1,1,-12.6,2.628,-28.74,357.6,-28.32,354.3,NAIN,1877,0,0
2018,5,4,12,0,0,1,1,-12.5,2.514,-28.62,357.5,-28.2,354.2,NAIN,1881,0,0
2018,5,4,12,0,0,1,1,-12.41,2.399,-28.51,357.4,-28.08,354.2,NAIN,1885,0,0
2018,5,4,12,0,0,1,1,-12.33,2.285,-28.41,357.3,-27.96,354.1,NAIN,1890,0,0
2018,5,4,12,0,0,1,1,-12.24,2.171,-28.3,357.2,-27.84,354,NAIN,1894,0,0
2018,5,4,12,0,0,1,1,-12.16,2.057,-28.2,357.1,-27.73,353.9,NAIN,1898,0,0
2018,5,4,12,0,0,1,1,-12.09,1.944,-28.1,357,-27.62,353.8,NAIN,1903,0,0
2018,5,4,12,0,0,1,1,-12.02,1.831,-28.01,356.9,-27.52,353.7,NAIN,1907,0,0
2018,5,4,12,0,0,1,1,-11.95,1.72,-27.92,356.8,-27.42,353.6,NAIN,1911,0,0
2018,5,4,12,0,0,1,1,-11.88,1.609,-27.83,356.7,-27.32,353.5,NAIN,1915,0,0
2018,5,4,12,0,0,1,1,-11.82,1.499,-27.75,356.5,-27.23,353.4,NAIN,1920,0,0
2018,5,4,12,0,0,1,1,-11.77,1.391,-27.67,356.4,-27.14,353.3,NAIN,1924,0,0
2018,5,4,12,0,0,1,1,-11.71,1.285,-27.6,356.3,-27.06,353.3,NAIN,1928,0,0
2018,5,4,12,0,0,1,1,-11.66,1.18,-27.53,356.2,-26.98,353.2,NAIN,1933,0,0
2018,5,4,12,0,0,1,1,-11.61,1.077,-27.46,356.1,-26.9,353.1,NAIN,1937,0,0
2018,5,4,12,0,0,1,1,-11.57,0.9753,-27.4,356,-26.83,353,NAIN,1941,0,0
2018,5,4,12,0,0,1,1,-11.53,0.8758,-27.34,355.9,-26.76,352.9,NAIN,1945,0,0
2018,5,4,12,0,0,1,1,-11.49,0.7785,-27.28,355.8,-26.69,352.8,NAIN,1950,0,0
2018,5,4,12,0,0,1,1,-11.46,0.6834,-27.23,355.8,-26.63,352.7,NAIN,1954,0,0
2018,5,4,12,0,0,1,1,-11.43,0.5903,-27.18,355.7,-26.57,352.6,NAIN,1958,0,0
2018,5,4,12,0,0,1,1,-11.4,0.4997,-27.13,355.6,-26.52,352.6,NAIN,1963,0,0
2018,5,4,12,0,0,1,1,-11.37,0.02163,-27,355.1,-26.34,352.1,NAIN,1967,0,0
2018,5,4,12,0,0,1,1,-11.35,359.9,-26.97,355,-26.29,352,NAIN,1971,0,0
2018,5,4,12,0,0,1,1,-11.33,359.9,-26.93,354.9,-26.24,351.9,NAIN,1975,0,0
2018,5,4,12,0,0,1,1,-11.32,359.8,-26.89,354.8,-26.2,351.8,NAIN,1980,0,0
2018,5,4,12,0,0,1,1,-11.3,359.7,-26.86,354.7,-26.16,351.8,NAIN,1984,0,0
2018,5,4,12,0,0,1,1,-11.29,359.6,-26.84,354.6,-26.13,351.7,NAIN,1988,0,0
2018,5,4,12,0,0,1,1,-11.28,359.5,-26.81,354.6,-26.09,351.6,NAIN,1993,0,0
2018,5,4,12,0,0,1,1,-11.27,359.5,-26.79,354.5,-26.06,351.5,NAIN,1997,0,0
2018,5,4,12,0,0,1,1,-11.26,359.4,-26.76,354.4,-26.03,351.5,NAIN,2001,0,0
2018,5,4,12,0,0,1,1,-11.26,359.3,-26.74,354.4,-26.01,351.4,NAIN,2005,0,0
2018,5,4,12,0,0,1,1,-11.25,359.3,-26.73,354.3,-25.98,351.3,NAIN,2010,0,0
2018,5,4,12,0,0,1,1,-11.25,359.2,-26.71,354.2,-25.96,351.3,NAIN,2014,0,0
2018,5,4,12,0,0,1,1,-11.25,359.2,-26.7,354.2,-25.94,351.2,NAIN,2018,0,0
2018,5,4,12,0,0,1,1,-11.24,359.1,-26.68,354.1,-25.92,351.2,NAIN,2023,0,0
2018,5,4,12,0,0,1,1,-11.24,359,-26.67,354,-25.9,351.1,NAIN,2027,0,0
2018,5,4,12,0,0,1,1,-11.24,359,-26.66,354,-25.88,351.1,NAIN,2031,0,0
2018,5,4,12,0,0,1,1,-11.24,358.9,-26.65,353.9,-25.87,351,NAIN,2035,0,0
2018,5,4,12,0,0,1,1,-11.25,358.9,-26.64,353.9,-25.85,351,NAIN,2040,0,0
2018,5,4,12,0,0,1,1,-11.25,358.9,-26.63,353.8,-25.84,350.9,NAIN,2044,0,0
2018,5,4,12,0,0,1,1,-11.25,358.8,-26.62,353.8,-25.83,350.9,NAIN,2048,0,0
2018,5,4,12,0,0,1,1,-11.25,358.8,-26.61,353.8,-25.81,350.8,NAIN,2053,0,0
2018,5,4,12,0,0,1,1,-11.25,358.7,-26.6,353.7,-25.8,350.8,NAIN,2057,0,0
2018,5,4,12,0,0,1,1,-11.25,358.7,-26.6,353.7,-25.79,350.7,NAIN,2061,0,0
2018,5,4,12,0,0,1,1,-11.25,358.7,-26.59,353.6,-25.78,350.7,NAIN,2065,0,0
2018,5,4,12,0,0,1,1,-11.24,358.6,-26.58,353.6,-25.76,350.7,NAIN,2070,0,0
2018,5,4,12,0,0,1,1,-11.24,358.6,-26.57,353.6,-25.75,350.6,NAIN,2074,0,0
2018,5,4,12,0,0,1,1,-11.24,358.6,-26.56,353.5,-25.74,350.6,NAIN,2078,0,0
2018,5,4,12,0,0,1,1,-11.23,358.5,-26.55,353.5,-25.72,350.6,NAIN,2083,0,0
2018,5,4,12,0,0,1,1,-11.23,358.5,-26.54,353.5,-25.71,350.6,NAIN,2087,0,0
2018,5,4,12,0,0,1,1,-11.22,358.5,-26.52,353.5,-25.69,350.5,NAIN,2091,0,0
2018,5,4,12,0,0,1,1,-11.21,358.5,-26.51,353.4,-25.68,350.5,NAIN,2095,0,0
2018,5,4,12,0,0,1,1,-11.2,358.4,-26.49,353.4,-25.66,350.5,NAIN,2100,0,0
2018,5,4,12,0,0,1,1,-11.19,358.4,-26.48,353.4,-25.64,350.5,NAIN,2104,0,0
2018,5,4,12,0,0,1,1,-11.18,358.4,-26.46,353.4,-25.62,350.5,NAIN,2108,0,0
2018,5,4,12,0,0,1,1,-11.16,358.4,-26.44,353.3,-25.6,350.4,NAIN,2112,0,0
2018,5,4,12,0,0,1,1,-11.14,358.3,-26.42,353.3,-25.58,350.4,NAIN,2117,0,0
2018,5,4,12,0,0,1,1,-11.13,358.3,-26.4,353.3,-25.55,350.4,NAIN,2121,0,0
2018,5,4,12,0,0,1,1,-11.11,358.3,-26.37,353.3,-25.53,350.4,NAIN,2125,0,0
2018,5,4,12,0,0,1,1,-11.08,358.3,-26.35,353.3,-25.5,350.4,NAIN,2130,0,0
2018,5,4,12,0,0,1,1,-11.06,358.3,-26.32,353.3,-25.47,350.4,NAIN,2134,0,0
2018,5,4,12,0,0,1,1,-11.03,358.3,-26.29,353.3,-25.44,350.4,NAIN,2138,0,0
2018,5,4,12,0,0,1,1,-11,358.2,-26.26,353.2,-25.41,350.4,NAIN,2142,0,0
2018,5,4,12,0,0,1,1,-10.97,358.2,-26.22,353.2,-25.37,350.4,NAIN,2147,0,0
2018,5,4,12,0,0,1,1,-10.94,358.2,-26.19,353.2,-25.33,350.4,NAIN,2151,0,0
2018,5,4,12,0,0,1,1,-10.9,358.2,-26.15,353.2,-25.29,350.4,NAIN,2155,0,0
2018,5,4,12,0,0,1,1,-10.86,358.2,-26.11,353.2,-25.25,350.3,NAIN,2160,0,0
2018,5,4,12,0,0,1,1,-10.82,358.1,-26.06,353.2,-25.21,350.3,NAIN,2164,0,0
2018,5,4,12,0,0,1,1,-10.78,358.1,-26.02,353.2,-25.16,350.3,NAIN,2168,0,0
2018,5,4,12,0,0,1,1,-10.74,358.1,-25.97,353.2,-25.11,350.3,NAIN,2172,0,0
2018,5,4,12,0,0,1,1,-10.69,358.1,-25.92,353.2,-25.06,350.3,NAIN,2177,0,0
2018,5,4,12,0,0,1,1,-10.64,358.1,-25.87,353.2,-25.01,350.3,NAIN,2181,0,0
2018,5,4,12,0,0,1,1,-10.59,358.1,-25.81,353.1,-24.96,350.3,NAIN,2185,0,0
2018,5,4,12,0,0,1,1,-10.53,358,-25.76,353.1,-24.9,350.3,NAIN,2190,0,0
2018,5,4,12,0,0,1,1,-10.48,358,-25.7,353.1,-24.84,350.3,NAIN,2194,0,0
2018,5,4,12,0,0,1,1,-10.42,358,-25.63,353.1,-24.78,350.3,NAIN,2198,0,0
2018,5,4,12,0,0,1,1,-10.36,358,-25.57,353.1,-24.71,350.3,NAIN,2202,0,0
2018,5,4,12,0,0,1,1,-10.3,357.9,-25.5,353.1,-24.64,350.3,NAIN,2207,0,0
2018,5,4,12,0,0,1,1,-10.23,357.9,-25.44,353.1,-24.58,350.3,NAIN,2211,0,0
2018,5,4,12,0,0,1,1,-10.17,357.9,-25.37,353.1,-24.5,350.3,NAIN,2215,0,0
2018,5,4,12,0,0,1,1,-10.1,357.8,-25.29,353.1,-24.43,350.3,NAIN,2220,0,0
2018,5,4,12,0,0,1,1,-10.03,357.8,-25.22,353,-24.35,350.3,NAIN,2224,0,0
2018,5,4,12,0,0,1,1,-9.959,357.8,-25.14,353,-24.28,350.3,NAIN,2228,0,0
2018,5,4,12,0,0,1,1,-9.885,357.8,-25.06,353,-24.2,350.3,NAIN,2232,0,0
2018,5,4,12,0,0,1,1,-9.81,357.7,-24.98,353,-24.11,350.3,NAIN,2237,0,0
2018,5,4,12,0,0,1,1,-9.733,357.7,-24.9,353,-24.03,350.3,NAIN,2241,0,0
2018,5,4,12,0,0,1,1,-9.654,357.6,-24.81,353,-23.94,350.3,NAIN,2245,0,0
2018,5,4,12,0,0,1,1,-9.574,357.6,-24.73,352.9,-23.86,350.3,NAIN,2250,0,0
2018,5,4,12,0,0,1,1,-9.493,357.6,-24.64,352.9,-23.77,350.2,NAIN,2254,0,0
2018,5,4,12,0,0,1,1,-9.41,357.5,-24.55,352.9,-23.67,350.2,NAIN,2258,0,0
2018,5,4,12,0,0,1,1,-9.326,357.5,-24.46,352.9,-23.58,350.2,NAIN,2262,0,0
2018,5,4,12,0,0,1,1,-9.245,357.7,-24.44,353.2,-23.59,350.5,NAIN,2267,0,0
2018,5,4,12,0,0,1,1,-9.159,357.7,-24.34,353.1,-23.49,350.5,NAIN,2271,0,0
2018,5,4,12,0,0,1,1,-9.071,357.7,-24.25,353.1,-23.39,350.5,NAIN,2275,0,0
2018,5,4,12,0,0,1,1,-8.983,357.6,-24.15,353.1,-23.29,350.5,NAIN,2280,0,0
2018,5,4,12,0,0,1,1,-8.893,357.5,-24.05,353,-23.19,350.4,NAIN,2284,0,0
2018,5,4,12,0,0,1,1,-8.803,357.5,-23.95,353,-23.09,350.4,NAIN,2288,0,0
2018,5,4,12,0,0,1,1,-8.712,357.4,-23.85,353,-22.99,350.4,NAIN,2292,0,0
2018,5,4,12,0,0,1,1,-8.62,357.4,-23.75,352.9,-22.88,350.4,NAIN,2297,0,0
2018,5,4,12,0,0,1,1,-8.528,357.3,-23.64,352.9,-22.78,350.3,NAIN,2301,0,0
2018,5,4,12,0,0,1,1,-8.435,357.3,-23.54,352.8,-22.67,350.3,NAIN,2305,0,0
2018,5,4,12,0,0,1,1,-8.341,357.2,-23.44,352.8,-22.56,350.3,NAIN,2310,0,0
2018,5,4,12,0,0,1,1,-8.248,357.1,-23.33,352.8,-22.45,350.3,NAIN,2314,0,0
2018,5,4,12,0,0,1,1,-8.153,357.1,-23.22,352.7,-22.34,350.2,NAIN,2318,0,0
2018,5,4,12,0,0,1,1,-8.059,357,-23.12,352.7,-22.23,350.2,NAIN,2322,0,0
2018,5,4,12,0,0,1,1,-7.965,357,-23.01,352.6,-22.12,350.2,NAIN,2327,0,0
2018,5,4,12,0,0,1,1,-7.87,356.9,-22.9,352.6,-22.01,350.1,NAIN,2331,0,0
2018,5,4,12,0,0,1,1,-7.776,356.8,-22.8,352.5,-21.9,350.1,NAIN,2335,0,0
2018,5,4,12,0,0,1,1,-7.681,356.7,-22.69,352.5,-21.79,350.1,NAIN,2340,0,0
2018,5,4,12,0,0,1,1,-7.587,356.7,-22.58,352.4,-21.68,350,NAIN,2344,0,0
2018,5,4,12,0,0,1,1,-7.493,356.6,-22.48,352.4,-21.56,350,NAIN,2348,0,0
2018,5,4,12,0,0,1,1,-7.4,356.5,-22.37,352.3,-21.45,350,NAIN,2352,0,0
2018,5,4,12,0,0,1,1,-7.307,356.5,-22.26,352.3,-21.34,349.9,NAIN,2357,0,0
2018,5,4,12,0,0,1,1,-7.214,356.4,-22.15,352.2,-21.23,349.9,NAIN,2361,0,0
2018,5,4,12,0,0,1,1,-7.122,356.3,-22.05,352.2,-21.12,349.8,NAIN,2365,0,0
2018,5,4,12,0,0,1,1,-7.03,356.2,-21.94,352.1,-21,349.8,NAIN,2370,0,0
2018,5,4,12,0,0,1,1,-6.939,356.2,-21.84,352.1,-20.89,349.7,NAIN,2374,0,0
2018,5,4,12,0,0,1,1,-6.849,356.1,-21.73,352,-20.78,349.7,NAIN,2378,0,0
2018,5,4,12,0,0,1,1,-6.76,356,-21.63,351.9,-20.67,349.7,NAIN,2382,0,0
2018,5,4,12,0,0,1,1,-6.671,355.9,-21.52,351.9,-20.56,349.6,NAIN,2387,0,0
2018,5,4,12,0,0,1,1,-6.583,355.8,-21.42,351.8,-20.46,349.6,NAIN,2391,0,0
2018,5,4,12,0,0,1,1,-6.497,355.8,-21.32,351.8,-20.35,349.5,NAIN,2395,0,0
2018,5,4,12,0,0,1,1,-6.411,355.7,-21.21,351.7,-20.24,349.5,NAIN,2400,0,0
2018,5,4,12,0,0,1,1,-6.327,355.6,-21.11,351.6,-20.13,349.4,NAIN,2404,0,0
2018,5,4,12,0,0,1,1,-6.243,355.5,-21.01,351.6,-20.03,349.4,NAIN,2408,0,0
2018,5,4,12,0,0,1,1,-6.161,355.4,-20.92,351.5,-19.92,349.3,NAIN,2412,0,0
2018,5,4,12,0,0,1,1,-6.079,355.4,-20.82,351.4,-19.82,349.3,NAIN,2417,0,0
2018,5,4,12,0,0,1,1,-6,355.3,-20.72,351.4,-19.72,349.2,NAIN,2421,0,0
2018,5,4,12,0,0,1,1,-5.921,355.2,-20.63,351.3,-19.62,349.1,NAIN,2425,0,0
2018,5,4,12,0,0,1,1,-5.844,355.1,-20.53,351.2,-19.52,349.1,NAIN,2430,0,0
2018,5,4,12,0,0,1,1,-5.768,355,-20.44,351.2,-19.42,349,NAIN,2434,0,0
2018,5,4,12,0,0,1,1,-5.693,355,-20.35,351.1,-19.32,349,NAIN,2438,0,0
2018,5,4,12,0,0,1,1,-5.62,354.9,-20.26,351.1,-19.23,348.9,NAIN,2442,0,0
2018,5,4,12,0,0,1,1,-5.549,354.8,-20.17,351,-19.13,348.9,NAIN,2447,0,0
2018,5,4,12,0,0,1,1,-5.478,354.7,-20.08,350.9,-19.04,348.8,NAIN,2451,0,0
2018,5,4,12,0,0,1,1,-5.41,354.6,-20,350.9,-18.95,348.8,NAIN,2455,0,0
2018,5,4,12,0,0,1,1,-5.343,354.6,-19.91,350.8,-18.85,348.7,NAIN,2460,0,0
2018,5,4,12,0,0,1,1,-5.277,354.5,-19.83,350.7,-18.77,348.7,NAIN,2464,0,0
2018,5,4,12,0,0,1,1,-5.213,354.4,-19.75,350.7,-18.68,348.6,NAIN,2468,0,0
2018,5,4,12,0,0,1,1,-5.15,354.3,-19.67,350.6,-18.59,348.5,NAIN,2472,0,0
2018,5,4,12,0,0,1,1,-5.089,354.2,-19.59,350.5,-18.51,348.5,NAIN,2477,0,0
2018,5,4,12,0,0,1,1,-5.03,354.2,-19.52,350.4,-18.43,348.4,NAIN,2481,0,0
2018,5,4,12,0,0,1,1,-4.972,354.1,-19.44,350.4,-18.35,348.4,NAIN,2485,0,0
2018,5,4,12,0,0,1,1,-4.916,354,-19.37,350.3,-18.27,348.3,NAIN,2490,0,0
2018,5,4,12,0,0,1,1,-4.862,353.9,-19.3,350.3,-18.19,348.3,NAIN,2494,0,0
2018,5,4,12,0,0,1,1,-4.809,353.8,-19.23,350.2,-18.11,348.2,NAIN,2498,0,0
2018,5,4,12,0,0,1,1,-4.758,353.8,-19.16,350.1,-18.04,348.1,NAIN,2502,0,0
2018,5,4,12,0,0,1,1,-4.708,353.7,-19.1,350.1,-17.97,348.1,NAIN,2507,0,0
2018,5,4,12,0,0,1,1,-4.66,353.6,-19.03,350,-17.9,348,NAIN,2511,0,0
2018,5,4,12,0,0,1,1,-4.613,353.5,-18.97,349.9,-17.83,348,NAIN,2515,0,0
2018,5,4,12,0,0,1,1,-4.568,353.5,-18.91,349.9,-17.76,347.9,NAIN,2520,0,0
2018,5,4,12,0,0,1,1,-4.525,353.4,-18.85,349.8,-17.7,347.9,NAIN,2524,0,0
2018,5,4,12,0,0,1,1,-4.483,353.3,-18.79,349.7,-17.63,347.8,NAIN,2528,0,0
2018,5,4,12,0,0,1,1,-4.443,353.2,-18.74,349.7,-17.57,347.7,NAIN,2532,0,0
2018,5,4,12,0,0,1,1,-4.404,353.2,-18.68,349.6,-17.51,347.7,NAIN,2537,0,0
2018,5,4,12,0,0,1,1,-4.367,353.1,-18.63,349.5,-17.45,347.6,NAIN,2541,0,0
2018,5,4,12,0,0,1,1,-4.331,353,-18.58,349.5,-17.39,347.6,NAIN,2545,0,0
2018,5,4,12,0,0,1,1,-4.297,353,-18.53,349.4,-17.34,347.5,NAIN,2550,0,0
2018,5,4,12,0,0,1,1,-4.264,352.9,-18.48,349.4,-17.28,347.5,NAIN,2554,0,0
2018,5,4,12,0,0,1,1,-4.233,352.8,-18.43,349.3,-17.23,347.4,NAIN,2558,0,0
2018,5,4,12,0,0,1,1,-4.203,352.8,-18.39,349.2,-17.18,347.4,NAIN,2562,0,0
2018,5,4,12,0,0,1,1,-4.175,352.7,-18.35,349.2,-17.13,347.3,NAIN,2567,0,0
2018,5,4,12,0,0,1,1,-4.148,352.6,-18.31,349.1,-17.09,347.3,NAIN,2571,0,0
2018,5,4,12,0,0,1,1,-4.122,352.6,-18.27,349.1,-17.04,347.2,NAIN,2575,0,0
2018,5,4,12,0,0,1,1,-4.097,352.5,-18.23,349,-17,347.2,NAIN,2579,0,0
2018,5,4,12,0,0,1,1,-4.074,352.5,-18.19,349,-16.96,347.1,NAIN,2584,0,0
2018,5,4,12,0,0,1,1,-4.052,352.4,-18.16,348.9,-16.91,347.1,NAIN,2588,0,0
2018,5,4,12,0,0,1,1,-4.031,352.3,-18.12,348.8,-16.88,347,NAIN,2592,0,0
2018,5,4,12,0,0,1,1,-4.012,352.3,-18.09,348.8,-16.84,347,NAIN,2597,0,0
2018,5,4,12,0,0,1,1,-3.994,352.2,-18.06,348.7,-16.8,346.9,NAIN,2601,0,0
2018,5,4,12,0,0,1,1,-3.976,352.2,-18.03,348.7,-16.77,346.9,NAIN,2605,0,0
2018,5,4,12,0,0,1,1,-3.96,352.1,-18,348.6,-16.73,346.8,NAIN,2609,0,0
2018,5,4,12,0,0,1,1,-3.945,352.1,-17.97,348.6,-16.7,346.8,NAIN,2614,0,0
2018,5,4,12,0,0,1,1,-3.931,352,-17.95,348.5,-16.67,346.7,NAIN,2618,0,0
2018,5,4,12,0,0,1,1,-3.918,352,-17.92,348.5,-16.64,346.7,NAIN,2622,0,0
2018,5,4,12,0,0,1,1,-3.906,351.9,-17.9,348.4,-16.61,346.6,NAIN,2627,0,0
2018,5,4,12,0,0,1,1,-3.894,351.9,-17.88,348.4,-16.59,346.6,NAIN,2631,0,0
2018,5,4,12,0,0,1,1,-3.884,351.8,-17.85,348.4,-16.56,346.5,NAIN,2635,0,0
2018,5,4,12,0,0,1,1,-3.875,351.8,-17.83,348.3,-16.53,346.5,NAIN,2639,0,0
2018,5,4,12,0,0,1,1,-3.866,351.7,-17.81,348.3,-16.51,346.5,NAIN,2644,0,0
2018,5,4,12,0,0,1,1,-3.858,351.7,-17.8,348.2,-16.49,346.4,NAIN,2648,0,0
2018,5,4,12,0,0,1,1,-3.851,351.6,-17.78,348.2,-16.47,346.4,NAIN,2652,0,0
2018,5,4,12,0,0,1,1,-3.844,351.6,-17.76,348.1,-16.45,346.3,NAIN,2657,0,0
2018,5,4,12,0,0,1,1,-3.838,351.6,-17.75,348.1,-16.43,346.3,NAIN,2661,0,0
2018,5,4,12,0,0,1,1,-3.833,351.5,-17.73,348.1,-16.41,346.3,NAIN,2665,0,0
2018,5,4,12,0,0,1,1,-3.829,351.5,-17.72,348,-16.39,346.2,NAIN,2669,0,0
2018,5,4,12,0,0,1,1,-3.825,351.4,-17.71,348,-16.37,346.2,NAIN,2674,0,0
2018,5,4,12,0,0,1,1,-3.821,351.4,-17.69,348,-16.36,346.2,NAIN,2678,0,0
2018,5,4,12,0,0,1,1,-3.818,351.4,-17.68,347.9,-16.34,346.1,NAIN,2682,0,0
2018,5,4,12,0,0,1,1,-3.815,351.3,-17.67,347.9,-16.33,346.1,NAIN,2687,0,0
2018,5,4,12,0,0,1,1,-3.813,351.3,-17.66,347.9,-16.32,346.1,NAIN,2691,0,0
2018,5,4,12,0,0,1,1,-3.811,351.3,-17.65,347.8,-16.3,346,NAIN,2695,0,0
2018,5,4,12,0,0,1,1,-3.81,351.2,-17.64,347.8,-16.29,346,NAIN,2699,0,0
2018,5,4,12,0,0,1,1,-3.808,351.2,-17.63,347.8,-16.28,346,NAIN,2704,0,0
2018,5,4,12,0,0,1,1,-3.807,351.2,-17.62,347.7,-16.27,345.9,NAIN,2708,0,0
2018,5,4,12,0,0,1,1,-3.806,351.2,-17.62,347.7,-16.26,345.9,NAIN,2712,0,0
2018,5,4,12,0,0,1,1,-3.806,351.1,-17.61,347.7,-16.25,345.9,NAIN,2717,0,0
2018,5,4,12,0,0,1,1,-3.805,351.1,-17.6,347.6,-16.24,345.9,NAIN,2721,0,0
2018,5,4,12,0,0,1,1,-3.805,351.1,-17.6,347.6,-16.23,345.8,NAIN,2725,0,0
2018,5,4,12,0,0,1,1,-3.805,351.1,-17.59,347.6,-16.22,345.8,NAIN,2729,0,0
2018,5,4,12,0,0,1,1,-3.804,351,-17.58,347.6,-16.21,345.8,NAIN,2734,0,0
2018,5,4,12,0,0,1,1,-3.804,351,-17.58,347.5,-16.2,345.8,NAIN,2738,0,0
2018,5,4,12,0,0,1,1,-3.793,350.8,-17.51,347.3,-16.12,345.6,NAIN,2742,0,0
2018,5,4,12,0,0,1,1,-3.793,350.8,-17.51,347.3,-16.11,345.5,NAIN,2747,0,0
2018,5,4,12,0,0,1,1,-3.793,350.7,-17.5,347.3,-16.1,345.5,NAIN,2751,0,0
2018,5,4,12,0,0,1,1,-3.793,350.7,-17.5,347.3,-16.09,345.5,NAIN,2755,0,0
2018,5,4,12,0,0,1,1,-3.792,350.7,-17.49,347.2,-16.09,345.5,NAIN,2759,0,0
2018,5,4,12,0,0,1,1,-3.791,350.7,-17.49,347.2,-16.08,345.5,NAIN,2764,0,0
2018,5,4,12,0,0,1,1,-3.79,350.7,-17.48,347.2,-16.07,345.4,NAIN,2768,0,0
2018,5,4,12,0,0,1,1,-3.789,350.6,-17.48,347.2,-16.07,345.4,NAIN,2772,0,0
2018,5,4,12,0,0,1,1,-3.788,350.6,-17.47,347.2,-16.06,345.4,NAIN,2777,0,0
2018,5,4,12,0,0,1,1,-3.786,350.6,-17.47,347.2,-16.05,345.4,NAIN,2781,0,0
2018,5,4,12,0,0,1,1,-3.784,350.6,-17.46,347.1,-16.04,345.4,NAIN,2785,0,0
2018,5,4,12,0,0,1,1,-3.782,350.6,-17.45,347.1,-16.04,345.4,NAIN,2789,0,0
2018,5,4,12,0,0,1,1,-3.779,350.6,-17.45,347.1,-16.03,345.4,NAIN,2794,0,0
2018,5,4,12,0,0,1,1,-3.776,350.6,-17.44,347.1,-16.02,345.4,NAIN,2798,0,0
2018,5,4,12,0,0,1,1,-3.773,350.5,-17.44,347.1,-16.02,345.3,NAIN,2802,0,0
2018,5,4,12,0,0,1,1,-3.769,350.5,-17.43,347.1,-16.01,345.3,NAIN,2807,0,0
2018,5,4,12,0,0,1,1,-3.765,350.5,-17.42,347.1,-16,345.3,NAIN,2811,0,0
2018,5,4,12,0,0,1,1,-3.76,350.5,-17.41,347.1,-15.99,345.3,NAIN,2815,0,0
2018,5,4,12,0,0,1,1,-3.755,350.5,-17.41,347,-15.98,345.3,NAIN,2819,0,0
2018,5,4,12,0,0,1,1,-3.749,350.5,-17.4,347,-15.97,345.3,NAIN,2824,0,0
2018,5,4,12,0,0,1,1,-3.743,350.5,-17.39,347,-15.96,345.3,NAIN,2828,0,0
2018,5,4,12,0,0,1,1,-3.736,350.5,-17.38,347,-15.95,345.3,NAIN,2832,0,0
2018,5,4,12,0,0,1,1,-3.728,350.5,-17.37,347,-15.94,345.3,NAIN,2837,0,0
2018,5,4,12,0,0,1,1,-3.73,350.7,-17.42,347.2,-16.01,345.5,NAIN,2841,0,0
2018,5,4,12,0,0,1,1,-3.721,350.6,-17.41,347.2,-16,345.5,NAIN,2845,0,0
2018,5,4,12,0,0,1,1,-3.712,350.6,-17.4,347.2,-15.99,345.4,NAIN,2849,0,0
2018,5,4,12,0,0,1,1,-3.702,350.6,-17.39,347.2,-15.98,345.4,NAIN,2854,0,0
2018,5,4,12,0,0,1,1,-3.691,350.6,-17.37,347.2,-15.96,345.4,NAIN,2858,0,0
2018,5,4,12,0,0,1,1,-3.68,350.6,-17.36,347.2,-15.95,345.4,NAIN,2862,0,0
2018,5,4,12,0,0,1,1,-3.668,350.6,-17.35,347.2,-15.94,345.4,NAIN,2867,0,0
2018,5,4,12,0,0,1,1,-3.655,350.6,-17.33,347.2,-15.92,345.4,NAIN,2871,0,0
2018,5,4,12,0,0,1,1,-3.642,350.6,-17.32,347.2,-15.91,345.4,NAIN,2875,0,0
2018,5,4,12,0,0,1,1,-3.628,350.6,-17.3,347.2,-15.89,345.4,NAIN,2879,0,0
2018,5,4,12,0,0,1,1,-3.614,350.6,-17.29,347.2,-15.88,345.4,NAIN,2884,0,0
2018,5,4,12,0,0,1,1,-3.598,350.6,-17.27,347.2,-15.86,345.4,NAIN,2888,0,0
2018,5,4,12,0,0,1,1,-3.582,350.6,-17.26,347.2,-15.84,345.4,NAIN,2892,0,0
2018,5,4,12,0,0,1,1,-3.565,350.6,-17.24,347.2,-15.83,345.4,NAIN,2897,0,0
2018,5,4,12,0,0,1,1,-3.547,350.6,-17.22,347.2,-15.81,345.4,NAIN,2901,0,0
2018,5,4,12,0,0,1,1,-3.529,350.5,-17.2,347.2,-15.79,345.4,NAIN,2905,0,0
2018,5,4,12,0,0,1,1,-3.51,350.5,-17.18,347.2,-15.77,345.4,NAIN,2909,0,0
2018,5,4,12,0,0,1,1,-3.49,350.5,-17.16,347.2,-15.75,345.4,NAIN,2914,0,0
2018,5,4,12,0,0,1,1,-3.469,350.5,-17.14,347.2,-15.73,345.4,NAIN,2918,0,0
2018,5,4,12,0,0,1,1,-3.447,350.5,-17.12,347.2,-15.7,345.4,NAIN,2922,0,0
2018,5,4,12,0,0,1,1,-3.425,350.5,-17.09,347.2,-15.68,345.4,NAIN,2927,0,0
2018,5,4,12,0,0,1,1,-3.402,350.5,-17.07,347.2,-15.66,345.4,NAIN,2931,0,0
2018,5,4,12,0,0,1,1,-3.378,350.5,-17.04,347.2,-15.63,345.5,NAIN,2935,0,0
2018,5,4,12,0,0,1,1,-3.353,350.5,-17.02,347.2,-15.61,345.5,NAIN,2939,0,0
2018,5,4,12,0,0,1,1,-3.328,350.5,-16.99,347.2,-15.58,345.5,NAIN,2944,0,0
2018,5,4,12,0,0,1,1,-3.302,350.5,-16.97,347.2,-15.56,345.5,NAIN,2948,0,0
2018,5,4,12,0,0,1,1,-3.275,350.5,-16.94,347.2,-15.53,345.5,NAIN,2952,0,0
2018,5,4,12,0,0,1,1,-3.247,350.5,-16.91,347.2,-15.5,345.5,NAIN,2957,0,0
2018,5,4,12,0,0,1,1,-3.218,350.5,-16.88,347.2,-15.47,345.5,NAIN,2961,0,0
2018,5,4,12,0,0,1,1,-3.189,350.5,-16.85,347.2,-15.44,345.5,NAIN,2965,0,0
2018,5,4,12,0,0,1,1,-3.158,350.5,-16.82,347.2,-15.41,345.5,NAIN,2969,0,0
2018,5,4,12,0,0,1,1,-3.127,350.5,-16.79,347.2,-15.38,345.5,NAIN,2974,0,0
2018,5,4,12,0,0,1,1,-3.095,350.5,-16.76,347.2,-15.35,345.5,NAIN,2978,0,0
2018,5,4,12,0,0,1,1,-3.063,350.4,-16.72,347.2,-15.31,345.5,NAIN,2982,0,0
2018,5,4,12,0,0,1,1,-3.029,350.4,-16.69,347.2,-15.28,345.5,NAIN,2986,0,0
2018,5,4,12,0,0,1,1,-2.995,350.4,-16.65,347.2,-15.25,345.5,NAIN,2991,0,0
2018,5,4,12,0,0,1,1,-2.96,350.4,-16.62,347.2,-15.21,345.5,NAIN,2995,0,0
2018,5,4,12,0,0,1,1,-2.924,350.4,-16.58,347.2,-15.17,345.5,NAIN,2999,0,0
2018,5,4,12,0,0,1,1,-2.888,350.4,-16.54,347.2,-15.14,345.5,NAIN,3004,0,0
2018,5,4,12,0,0,1,1,-2.851,350.4,-16.51,347.2,-15.1,345.5,NAIN,3008,0,0
2018,5,4,12,0,0,1,1,-2.813,350.4,-16.47,347.2,-15.06,345.5,NAIN,3012,0,0
2018,5,4,12,0,0,1,1,-2.774,350.4,-16.43,347.2,-15.02,345.5,NAIN,3016,0,0
2018,5,4,12,0,0,1,1,-2.734,350.4,-16.39,347.2,-14.98,345.5,NAIN,3021,0,0
2018,5,4,12,0,0,1,1,-2.694,350.4,-16.34,347.2,-14.94,345.6,NAIN,3025,0,0
2018,5,4,12,0,0,1,1,-2.653,350.4,-16.3,347.2,-14.9,345.6,NAIN,3029,0,0
2018,5,4,12,0,0,1,1,-2.612,350.3,-16.26,347.2,-14.86,345.6,NAIN,3034,0,0
2018,5,4,12,0,0,1,1,-2.569,350.3,-16.22,347.2,-14.81,345.6,NAIN,3038,0,0
2018,5,4,12,0,0,1,1,-2.534,350.5,-16.22,347.4,-14.83,345.7,NAIN,3042,0,0
2018,5,4,12,0,0,1,1,-2.491,350.5,-16.18,347.4,-14.79,345.7,NAIN,3046,0,0
2018,5,4,12,0,0,1,1,-2.446,350.5,-16.13,347.3,-14.74,345.7,NAIN,3051,0,0
2018,5,4,12,0,0,1,1,-2.401,350.5,-16.08,347.3,-14.7,345.7,NAIN,3055,0,0
2018,5,4,12,0,0,1,1,-2.355,350.4,-16.04,347.3,-14.65,345.8,NAIN,3059,0,0
2018,5,4,12,0,0,1,1,-2.309,350.4,-15.99,347.3,-14.6,345.8,NAIN,3064,0,0
2018,5,4,12,0,0,1,1,-2.262,350.4,-15.94,347.3,-14.55,345.8,NAIN,3068,0,0
2018,5,4,12,0,0,1,1,-2.214,350.4,-15.89,347.3,-14.5,345.8,NAIN,3072,0,0
2018,5,4,12,0,0,1,1,-2.166,350.4,-15.84,347.3,-14.45,345.8,NAIN,3076,0,0
2018,5,4,12,0,0,1,1,-2.117,350.4,-15.79,347.3,-14.4,345.8,NAIN,3081,0,0
2018,5,4,12,0,0,1,1,-2.068,350.4,-15.74,347.3,-14.35,345.8,NAIN,3085,0,0
2018,5,4,12,0,0,1,1,-2.018,350.3,-15.68,347.3,-14.3,345.8,NAIN,3089,0,0
2018,5,4,12,0,0,1,1,-1.967,350.3,-15.63,347.3,-14.25,345.8,NAIN,3094,0,0
2018,5,4,12,0,0,1,1,-1.916,350.3,-15.58,347.3,-14.19,345.8,NAIN,3098,0,0
2018,5,4,12,0,0,1,1,-1.864,350.3,-15.52,347.3,-14.14,345.8,NAIN,3102,0,0
2018,5,4,12,0,0,1,1,-1.812,350.3,-15.47,347.3,-14.08,345.8,NAIN,3106,0,0
2018,5,4,12,0,0,1,1,-1.759,350.3,-15.41,347.3,-14.03,345.8,NAIN,3111,0,0
2018,5,4,12,0,0,1,1,-1.706,350.2,-15.36,347.3,-13.97,345.8,NAIN,3115,0,0
2018,5,4,12,0,0,1,1,-1.652,350.2,-15.3,347.3,-13.91,345.8,NAIN,3119,0,0
2018,5,4,12,0,0,1,1,-1.598,350.2,-15.24,347.3,-13.86,345.8,NAIN,3124,0,0
2018,5,4,12,0,0,1,1,-1.543,350.2,-15.19,347.3,-13.8,345.8,NAIN,3128,0,0
2018,5,4,12,0,0,1,1,-1.488,350.2,-15.13,347.3,-13.74,345.8,NAIN,3132,0,0
2018,5,4,12,0,0,1,1,-1.432,350.1,-15.07,347.3,-13.68,345.8,NAIN,3136,0,0
2018,5,4,12,0,0,1,1,-1.376,350.1,-15.01,347.3,-13.62,345.8,NAIN,3141,0,0
2018,5,4,12,0,0,1,1,-1.328,350.3,-14.99,347.4,-13.62,345.9,NAIN,3145,0,0
2018,5,4,12,0,0,1,1,-1.271,350.2,-14.93,347.4,-13.56,345.9,NAIN,3149,0,0
2018,5,4,12,0,0,1,1,-1.214,350.2,-14.87,347.4,-13.5,345.9,NAIN,3154,0,0
2018,5,4,12,0,0,1,1,-1.157,350.2,-14.81,347.4,-13.44,345.9,NAIN,3158,0,0
2018,5,4,12,0,0,1,1,-1.099,350.2,-14.75,347.4,-13.38,345.9,NAIN,3162,0,0
2018,5,4,12,0,0,1,1,-1.04,350.1,-14.69,347.4,-13.31,345.9,NAIN,3166,0,0
2018,5,4,12,0,0,1,1,-0.9819,350.1,-14.62,347.4,-13.25,345.9,NAIN,3171,0,0
2018,5,4,12,0,0,1,1,-0.9229,350.1,-14.56,347.4,-13.19,345.9,NAIN,3175,0,0
2018,5,4,12,0,0,1,1,-0.8638,350.1,-14.5,347.4,-13.12,345.9,NAIN,3179,0,0
2018,5,4,12,0,0,1,1,-0.8044,350,-14.43,347.3,-13.06,345.9,NAIN,3184,0,0
2018,5,4,12,0,0,1,1,-0.7446,350,-14.37,347.3,-12.99,345.9,NAIN,3188,0,0
2018,5,4,12,0,0,1,1,-0.6847,350,-14.31,347.3,-12.93,345.9,NAIN,3192,0,0
2018,5,4,12,0,0,1,1,-0.6244,350,-14.24,347.3,-12.86,345.9,NAIN,3196,0,0
2018,5,4,12,0,0,1,1,-0.564,349.9,-14.18,347.3,-12.8,345.9,NAIN,3201,0,0
2018,5,4,12,0,0,1,1,-0.5034,349.9,-14.11,347.3,-12.73,345.9,NAIN,3205,0,0
2018,5,4,12,0,0,1,1,-0.4425,349.9,-14.04,347.3,-12.66,345.9,NAIN,3209,0,0
2018,5,4,12,0,0,1,1,-0.3815,349.9,-13.98,347.3,-12.6,345.9,NAIN,3214,0,0
2018,5,4,12,0,0,1,1,-0.3202,349.8,-13.91,347.2,-12.53,345.9,NAIN,3218,0,0
2018,5,4,12,0,0,1,1,-0.2589,349.8,-13.85,347.2,-12.46,345.9,NAIN,3222,0,0
2018,5,4,12,0,0,1,1,-0.1973,349.8,-13.78,347.2,-12.39,345.9,NAIN,3226,0,0
2018,5,4,12,0,0,1,1,-0.1441,349.9,-13.75,347.3,-12.38,346,NAIN,3231,0,0
2018,5,4,12,0,0,1,1,-0.08242,349.8,-13.69,347.3,-12.31,346,NAIN,3235,0,0
2018,5,4,12,0,0,1,1,-0.02051,349.8,-13.62,347.3,-12.24,346,NAIN,3239,0,0
2018,5,4,12,0,0,1,1,0.04135,349.8,-13.55,347.3,-12.17,346,NAIN,3244,0,0
2018,5,4,12,0,0,1,1,0.1034,349.8,-13.48,347.3,-12.11,346,NAIN,3248,0,0
2018,5,4,12,0,0,1,1,0.1654,349.7,-13.41,347.3,-12.04,345.9,NAIN,3252,0,0
2018,5,4,12,0,0,1,1,0.2276,349.7,-13.35,347.2,-11.97,345.9,NAIN,3256,0,0
2018,5,4,12,0,0,1,1,0.2896,349.7,-13.28,347.2,-11.9,345.9,NAIN,3261,0,0
2018,5,4,12,0,0,1,1,0.3517,349.6,-13.21,347.2,-11.83,345.9,NAIN,3265,0,0
2018,5,4,12,0,0,1,1,0.414,349.6,-13.14,347.2,-11.76,345.9,NAIN,3269,0,0
2018,5,4,12,0,0,1,1,0.476,349.6,-13.07,347.2,-11.69,345.9,NAIN,3274,0,0
2018,5,4,12,0,0,1,1,0.5383,349.5,-13,347.2,-11.62,345.9,NAIN,3278,0,0
2018,5,4,12,0,0,1,1,0.6003,349.5,-12.94,347.1,-11.55,345.9,NAIN,3282,0,0
2018,5,4,12,0,0,1,1,0.6624,349.4,-12.87,347.1,-11.48,345.9,NAIN,3286,0,0
2018,5,4,12,0,0,1,1,0.7243,349.4,-12.8,347.1,-11.41,345.9,NAIN,3291,0,0
2018,5,4,12,0,0,1,1,0.7862,349.4,-12.73,347.1,-11.34,345.8,NAIN,3295,0,0
2018,5,4,12,0,0,1,1,0.8481,349.3,-12.66,347.1,-11.27,345.8,NAIN,3299,0,0
2018,5,4,12,0,0,1,1,0.9098,349.3,-12.59,347,-11.19,345.8,NAIN,3304,0,0
2018,5,4,12,0,0,1,1,0.9715,349.3,-12.52,347,-11.12,345.8,NAIN,3308,0,0
2018,5,4,12,0,0,1,1,1.033,349.2,-12.45,347,-11.05,345.8,NAIN,3312,0,0
2018,5,4,12,0,0,1,1,1.086,349.3,-12.43,347.1,-11.04,345.9,NAIN,3316,0,0
2018,5,4,12,0,0,1,1,1.147,349.3,-12.36,347.1,-10.97,345.9,NAIN,3321,0,0
2018,5,4,12,0,0,1,1,1.208,349.2,-12.29,347.1,-10.89,345.9,NAIN,3325,0,0
2018,5,4,12,0,0,1,1,1.269,349.2,-12.22,347,-10.82,345.8,NAIN,3329,0,0
2018,5,4,12,0,0,1,1,1.33,349.2,-12.15,347,-10.75,345.8,NAIN,3334,0,0
2018,5,4,12,0,0,1,1,1.39,349.1,-12.08,347,-10.68,345.8,NAIN,3338,0,0
2018,5,4,12,0,0,1,1,1.45,349.1,-12.01,347,-10.61,345.8,NAIN,3342,0,0
2018,5,4,12,0,0,1,1,1.511,349.1,-11.95,346.9,-10.54,345.8,NAIN,3346,0,0
2018,5,4,12,0,0,1,1,1.57,349,-11.88,346.9,-10.47,345.8,NAIN,3351,0,0
2018,5,4,12,0,0,1,1,1.63,349,-11.81,346.9,-10.4,345.7,NAIN,3355,0,0
2018,5,4,12,0,0,1,1,1.69,348.9,-11.74,346.9,-10.33,345.7,NAIN,3359,0,0
2018,5,4,12,0,0,1,1,1.749,348.9,-11.68,346.8,-10.26,345.7,NAIN,3364,0,0
2018,5,4,12,0,0,1,1,1.808,348.8,-11.61,346.8,-10.19,345.7,NAIN,3368,0,0
2018,5,4,12,0,0,1,1,1.866,348.8,-11.54,346.8,-10.13,345.7,NAIN,3372,0,0
2018,5,4,12,0,0,1,1,1.925,348.8,-11.48,346.8,-10.06,345.7,NAIN,3376,0,0
2018,5,4,12,0,0,1,1,1.983,348.7,-11.41,346.7,-9.988,345.6,NAIN,3381,0,0
2018,5,4,12,0,0,1,1,2.041,348.7,-11.34,346.7,-9.919,345.6,NAIN,3385,0,0
2018,5,4,12,0,0,1,1,2.098,348.6,-11.28,346.7,-9.851,345.6,NAIN,3389,0,0
2018,5,4,12,0,0,1,1,2.155,348.6,-11.21,346.7,-9.783,345.6,NAIN,3394,0,0
2018,5,4,12,0,0,1,1,2.212,348.6,-11.14,346.6,-9.715,345.6,NAIN,3398,0,0
2018,5,4,12,0,0,1,1,2.26,348.6,-11.12,346.7,-9.697,345.6,NAIN,3402,0,0
2018,5,4,12,0,0,1,1,2.316,348.6,-11.05,346.7,-9.629,345.6,NAIN,3406,0,0
2018,5,4,12,0,0,1,1,2.372,348.5,-10.99,346.7,-9.562,345.6,NAIN,3411,0,0
2018,5,4,12,0,0,1,1,2.427,348.5,-10.92,346.6,-9.495,345.6,NAIN,3415,0,0
2018,5,4,12,0,0,1,1,2.483,348.5,-10.86,346.6,-9.428,345.6,NAIN,3419,0,0
2018,5,4,12,0,0,1,1,2.537,348.4,-10.8,346.6,-9.362,345.5,NAIN,3423,0,0
2018,5,4,12,0,0,1,1,2.592,348.4,-10.73,346.5,-9.296,345.5,NAIN,3428,0,0
2018,5,4,12,0,0,1,1,2.646,348.3,-10.67,346.5,-9.23,345.5,NAIN,3432,0,0
2018,5,4,12,0,0,1,1,2.699,348.3,-10.61,346.5,-9.164,345.5,NAIN,3436,0,0
2018,5,4,12,0,0,1,1,2.753,348.2,-10.54,346.5,-9.099,345.5,NAIN,3441,0,0
2018,5,4,12,0,0,1,1,2.805,348.2,-10.48,346.4,-9.034,345.4,NAIN,3445,0,0
2018,5,4,12,0,0,1,1,2.858,348.2,-10.42,346.4,-8.97,345.4,NAIN,3449,0,0
2018,5,4,12,0,0,1,1,2.91,348.1,-10.36,346.4,-8.906,345.4,NAIN,3453,0,0
2018,5,4,12,0,0,1,1,2.962,348.1,-10.3,346.3,-8.842,345.4,NAIN,3458,0,0
2018,5,4,12,0,0,1,1,3.013,348,-10.24,346.3,-8.779,345.3,NAIN,3462,0,0
2018,5,4,12,0,0,1,1,3.064,348,-10.18,346.3,-8.716,345.3,NAIN,3466,0,0
2018,5,4,12,0,0,1,1,3.114,347.9,-10.12,346.2,-8.653,345.3,NAIN,3471,0,0
2018,5,4,12,0,0,1,1,3.164,347.9,-10.06,346.2,-8.591,345.3,NAIN,3475,0,0
2018,5,4,12,0,0,1,1,3.213,347.8,-9.998,346.2,-8.529,345.2,NAIN,3479,0,0
2018,5,4,12,0,0,1,1,3.262,347.8,-9.94,346.1,-8.468,345.2,NAIN,3483,0,0
2018,5,4,12,0,0,1,1,3.311,347.8,-9.881,346.1,-8.407,345.2,NAIN,3488,0,0
2018,5,4,12,0,0,1,1,3.359,347.7,-9.824,346.1,-8.346,345.2,NAIN,3492,0,0
2018,5,4,12,0,0,1,1,3.407,347.7,-9.766,346.1,-8.286,345.1,NAIN,3496,0,0
2018,5,4,12,0,0,1,1,3.454,347.6,-9.71,346,-8.226,345.1,NAIN,3501,0,0
2018,5,4,12,0,0,1,1,3.5,347.6,-9.653,346,-8.167,345.1,NAIN,3505,0,0
2018,5,4,12,0,0,1,1,3.547,347.5,-9.597,346,-8.108,345.1,NAIN,3509,0,0
2018,5,4,12,0,0,1,1,3.592,347.5,-9.542,345.9,-8.05,345,NAIN,3513,0,0
2018,5,4,12,0,0,1,1,3.629,347.6,-9.523,346,-8.038,345.1,NAIN,3518,0,0
2018,5,4,12,0,0,1,1,3.673,347.5,-9.468,346,-7.981,345.1,NAIN,3522,0,0
2018,5,4,12,0,0,1,1,3.718,347.5,-9.414,345.9,-7.923,345.1,NAIN,3526,0,0
2018,5,4,12,0,0,1,1,3.761,347.4,-9.36,345.9,-7.867,345,NAIN,3531,0,0
2018,5,4,12,0,0,1,1,3.805,347.4,-9.307,345.9,-7.81,345,NAIN,3535,0,0
2018,5,4,12,0,0,1,1,3.848,347.3,-9.254,345.8,-7.755,345,NAIN,3539,0,0
2018,5,4,12,0,0,1,1,3.89,347.3,-9.202,345.8,-7.699,344.9,NAIN,3543,0,0
2018,5,4,12,0,0,1,1,3.932,347.2,-9.15,345.8,-7.644,344.9,NAIN,3548,0,0
2018,5,4,12,0,0,1,1,3.973,347.2,-9.099,345.7,-7.59,344.9,NAIN,3552,0,0
2018,5,4,12,0,0,1,1,4.014,347.1,-9.048,345.7,-7.536,344.9,NAIN,3556,0,0
2018,5,4,12,0,0,1,1,4.055,347.1,-8.998,345.7,-7.483,344.8,NAIN,3561,0,0
2018,5,4,12,0,0,1,1,4.095,347.1,-8.948,345.6,-7.43,344.8,NAIN,3565,0,0
2018,5,4,12,0,0,1,1,4.134,347,-8.899,345.6,-7.378,344.8,NAIN,3569,0,0
2018,5,4,12,0,0,1,1,4.173,347,-8.85,345.6,-7.326,344.7,NAIN,3573,0,0
2018,5,4,12,0,0,1,1,4.211,346.9,-8.802,345.5,-7.274,344.7,NAIN,3578,0,0
2018,5,4,12,0,0,1,1,4.249,346.9,-8.754,345.5,-7.224,344.7,NAIN,3582,0,0
2018,5,4,12,0,0,1,1,4.287,346.8,-8.707,345.5,-7.173,344.7,NAIN,3586,0,0
2018,5,4,12,0,0,1,1,4.324,346.8,-8.66,345.4,-7.123,344.6,NAIN,3591,0,0
2018,5,4,12,0,0,1,1,4.36,346.8,-8.614,345.4,-7.074,344.6,NAIN,3595,0,0
2018,5,4,12,0,0,1,1,4.396,346.7,-8.568,345.4,-7.025,344.6,NAIN,3599,0,0
2018,5,4,12,0,0,1,1,4.431,346.7,-8.523,345.3,-6.977,344.6,NAIN,3603,0,0
2018,5,4,12,0,0,1,1,4.466,346.6,-8.478,345.3,-6.929,344.5,NAIN,3608,0,0
2018,5,4,12,0,0,1,1,4.501,346.6,-8.434,345.3,-6.882,344.5,NAIN,3612,0,0
2018,5,4,12,0,0,1,1,4.535,346.5,-8.39,345.2,-6.835,344.5,NAIN,3616,0,0
2018,5,4,12,0,0,1,1,4.568,346.5,-8.347,345.2,-6.789,344.4,NAIN,3621,0,0
2018,5,4,12,0,0,1,1,4.601,346.4,-8.304,345.2,-6.743,344.4,NAIN,3625,0,0
2018,5,4,12,0,0,1,1,4.633,346.4,-8.262,345.1,-6.697,344.4,NAIN,3629,0,0
2018,5,4,12,0,0,1,1,4.665,346.4,-8.22,345.1,-6.653,344.4,NAIN,3633,0,0
2018,5,4,12,0,0,1,1,4.697,346.3,-8.179,345.1,-6.609,344.3,NAIN,3638,0,0
2018,5,4,12,0,0,1,1,4.728,346.3,-8.139,345,-6.565,344.3,NAIN,3642,0,0
2018,5,4,12,0,0,1,1,4.758,346.2,-8.098,345,-6.522,344.3,NAIN,3646,0,0
2018,5,4,12,0,0,1,1,4.788,346.2,-8.059,345,-6.479,344.2,NAIN,3651,0,0
2018,5,4,12,0,0,1,1,4.817,346.2,-8.02,344.9,-6.437,344.2,NAIN,3655,0,0
2018,5,4,12,0,0,1,1,4.846,346.1,-7.981,344.9,-6.395,344.2,NAIN,3659,0,0
2018,5,4,12,0,0,1,1,4.875,346.1,-7.943,344.9,-6.354,344.2,NAIN,3663,0,0
2018,5,4,12,0,0,1,1,4.903,346,-7.906,344.8,-6.313,344.1,NAIN,3668,0,0
2018,5,4,12,0,0,1,1,4.93,346,-7.869,344.8,-6.273,344.1,NAIN,3672,0,0
2018,5,4,12,0,0,1,1,4.958,345.9,-7.832,344.8,-6.234,344.1,NAIN,3676,0,0
2018,5,4,12,0,0,1,1,4.984,345.9,-7.796,344.7,-6.195,344,NAIN,3681,0,0
2018,5,4,12,0,0,1,1,5.01,345.9,-7.761,344.7,-6.156,344,NAIN,3685,0,0
2018,5,4,12,0,0,1,1,5.036,345.8,-7.726,344.7,-6.118,344,NAIN,3689,0,0
2018,5,4,12,0,0,1,1,5.061,345.8,-7.691,344.6,-6.081,344,NAIN,3693,0,0
2018,5,4,12,0,0,1,1,5.086,345.7,-7.657,344.6,-6.044,343.9,NAIN,3698,0,0
2018,5,4,12,0,0,1,1,5.11,345.7,-7.624,344.6,-6.007,343.9,NAIN,3702,0,0
2018,5,4,12,0,0,1,1,5.134,345.7,-7.591,344.5,-5.971,343.9,NAIN,3706,0,0
2018,5,4,12,0,0,1,1,5.157,345.6,-7.558,344.5,-5.935,343.8,NAIN,3711,0,0
2018,5,4,12,0,0,1,1,5.18,345.6,-7.526,344.5,-5.901,343.8,NAIN,3715,0,0
2018,5,4,12,0,0,1,1,5.203,345.6,-7.495,344.5,-5.866,343.8,NAIN,3719,0,0
2018,5,4,12,0,0,1,1,5.224,345.5,-7.464,344.4,-5.832,343.8,NAIN,3723,0,0
2018,5,4,12,0,0,1,1,5.246,345.5,-7.433,344.4,-5.798,343.7,NAIN,3728,0,0
2018,5,4,12,0,0,1,1,5.267,345.4,-7.403,344.4,-5.765,343.7,NAIN,3732,0,0
2018,5,4,12,0,0,1,1,5.288,345.4,-7.373,344.3,-5.733,343.7,NAIN,3736,0,0
2018,5,4,12,0,0,1,1,5.308,345.4,-7.344,344.3,-5.701,343.6,NAIN,3741,0,0
2018,5,4,12,0,0,1,1,5.328,345.3,-7.316,344.3,-5.669,343.6,NAIN,3745,0,0
2018,5,4,12,0,0,1,1,5.347,345.3,-7.287,344.2,-5.638,343.6,NAIN,3749,0,0
2018,5,4,12,0,0,1,1,5.366,345.3,-7.26,344.2,-5.608,343.6,NAIN,3753,0,0
2018,5,4,12,0,0,1,1,5.385,345.2,-7.233,344.2,-5.578,343.5,NAIN,3758,0,0
2018,5,4,12,0,0,1,1,5.403,345.2,-7.206,344.1,-5.548,343.5,NAIN,3762,0,0
2018,5,4,12,0,0,1,1,5.421,345.1,-7.179,344.1,-5.519,343.5,NAIN,3766,0,0
2018,5,4,12,0,0,1,1,5.438,345.1,-7.154,344.1,-5.49,343.5,NAIN,3771,0,0
2018,5,4,12,0,0,1,1,5.455,345.1,-7.128,344.1,-5.462,343.4,NAIN,3775,0,0
2018,5,4,12,0,0,1,1,5.472,345,-7.103,344,-5.434,343.4,NAIN,3779,0,0
2018,5,4,12,0,0,1,1,5.488,345,-7.079,344,-5.407,343.4,NAIN,3783,0,0
2018,5,4,12,0,0,1,1,5.504,345,-7.055,344,-5.38,343.3,NAIN,3788,0,0
2018,5,4,12,0,0,1,1,5.519,344.9,-7.031,343.9,-5.354,343.3,NAIN,3792,0,0
2018,5,4,12,0,0,1,1,5.534,344.9,-7.008,343.9,-5.328,343.3,NAIN,3796,0,0
2018,5,4,12,0,0,1,1,5.549,344.9,-6.985,343.9,-5.302,343.3,NAIN,3801,0,0
2018,5,4,12,0,0,1,1,5.563,344.8,-6.963,343.9,-5.277,343.2,NAIN,3805,0,0
2018,5,4,12,0,0,1,1,5.577,344.8,-6.941,343.8,-5.252,343.2,NAIN,3809,0,0
2018,5,4,12,0,0,1,1,5.59,344.8,-6.919,343.8,-5.228,343.2,NAIN,3813,0,0
2018,5,4,12,0,0,1,1,5.603,344.7,-6.898,343.8,-5.204,343.2,NAIN,3818,0,0
2018,5,4,12,0,0,1,1,5.616,344.7,-6.878,343.7,-5.181,343.1,NAIN,3822,0,0
2018,5,4,12,0,0,1,1,5.629,344.7,-6.857,343.7,-5.158,343.1,NAIN,3826,0,0
2018,5,4,12,0,0,1,1,5.641,344.6,-6.837,343.7,-5.136,343.1,NAIN,3830,0,0
2018,5,4,12,0,0,1,1,5.653,344.6,-6.818,343.7,-5.114,343.1,NAIN,3835,0,0
2018,5,4,12,0,0,1,1,5.664,344.6,-6.799,343.6,-5.092,343,NAIN,3839,0,0
2018,5,4,12,0,0,1,1,5.675,344.6,-6.78,343.6,-5.071,343,NAIN,3843,0,0
2018,5,4,12,0,0,1,1,5.686,344.5,-6.762,343.6,-5.05,343,NAIN,3848,0,0
2018,5,4,12,0,0,1,1,5.697,344.5,-6.744,343.6,-5.03,343,NAIN,3852,0,0
2018,5,4,12,0,0,1,1,5.707,344.5,-6.727,343.5,-5.01,342.9,NAIN,3856,0,0
2018,5,4,12,0,0,1,1,5.717,344.4,-6.709,343.5,-4.99,342.9,NAIN,3860,0,0
2018,5,4,12,0,0,1,1,5.726,344.4,-6.693,343.5,-4.971,342.9,NAIN,3865,0,0
2018,5,4,12,0,0,1,1,5.736,344.4,-6.676,343.5,-4.952,342.9,NAIN,3869,0,0
2018,5,4,12,0,0,1,1,5.745,344.4,-6.66,343.4,-4.933,342.9,NAIN,3873,0,0
2018,5,4,12,0,0,1,1,5.753,344.3,-6.644,343.4,-4.915,342.8,NAIN,3878,0,0
2018,5,4,12,0,0,1,1,5.762,344.3,-6.629,343.4,-4.897,342.8,NAIN,3882,0,0
2018,5,4,12,0,0,1,1,5.77,344.3,-6.614,343.4,-4.88,342.8,NAIN,3886,0,0
2018,5,4,12,0,0,1,1,5.778,344.2,-6.599,343.3,-4.863,342.8,NAIN,3890,0,0
2018,5,4,12,0,0,1,1,5.785,344.2,-6.585,343.3,-4.846,342.7,NAIN,3895,0,0
2018,5,4,12,0,0,1,1,5.793,344.2,-6.571,343.3,-4.83,342.7,NAIN,3899,0,0
2018,5,4,12,0,0,1,1,5.8,344.2,-6.557,343.3,-4.814,342.7,NAIN,3903,0,0
2018,5,4,12,0,0,1,1,5.807,344.1,-6.544,343.2,-4.799,342.7,NAIN,3908,0,0
2018,5,4,12,0,0,1,1,5.813,344.1,-6.531,343.2,-4.783,342.6,NAIN,3912,0,0
2018,5,4,12,0,0,1,1,5.819,344.1,-6.518,343.2,-4.768,342.6,NAIN,3916,0,0
2018,5,4,12,0,0,1,1,5.825,344.1,-6.506,343.2,-4.754,342.6,NAIN,3920,0,0
2018,5,4,12,0,0,1,1,5.831,344,-6.494,343.1,-4.739,342.6,NAIN,3925,0,0
2018,5,4,12,0,0,1,1,5.837,344,-6.482,343.1,-4.726,342.6,NAIN,3929,0,0
2018,5,4,12,0,0,1,1,5.842,344,-6.47,343.1,-4.712,342.5,NAIN,3933,0,0
2018,5,4,12,0,0,1,1,5.848,344,-6.459,343.1,-4.699,342.5,NAIN,3938,0,0
2018,5,4,12,0,0,1,1,5.852,343.9,-6.448,343.1,-4.686,342.5,NAIN,3942,0,0
2018,5,4,12,0,0,1,1,5.857,343.9,-6.438,343,-4.673,342.5,NAIN,3946,0,0
2018,5,4,12,0,0,1,1,5.862,343.9,-6.427,343,-4.66,342.5,NAIN,3950,0,0
2018,5,4,12,0,0,1,1,5.866,343.9,-6.417,343,-4.648,342.4,NAIN,3955,0,0
2018,5,4,12,0,0,1,1,5.87,343.8,-6.407,343,-4.636,342.4,NAIN,3959,0,0
2018,5,4,12,0,0,1,1,5.874,343.8,-6.398,343,-4.625,342.4,NAIN,3963,0,0
2018,5,4,12,0,0,1,1,5.878,343.8,-6.388,342.9,-4.614,342.4,NAIN,3968,0,0
2018,5,4,12,0,0,1,1,5.882,343.8,-6.379,342.9,-4.603,342.4,NAIN,3972,0,0
2018,5,4,12,0,0,1,1,5.885,343.8,-6.37,342.9,-4.592,342.4,NAIN,3976,0,0
2018,5,4,12,0,0,1,1,5.888,343.7,-6.362,342.9,-4.581,342.3,NAIN,3980,0,0
2018,5,4,12,0,0,1,1,5.891,343.7,-6.353,342.9,-4.571,342.3,NAIN,3985,0,0
2018,5,4,12,0,0,1,1,5.894,343.7,-6.345,342.8,-4.561,342.3,NAIN,3989,0,0
2018,5,4,12,0,0,1,1,5.897,343.7,-6.337,342.8,-4.552,342.3,NAIN,3993,0,0
2018,5,4,12,0,0,1,1,5.9,343.7,-6.33,342.8,-4.542,342.3,NAIN,3998,0,0
2018,5,4,12,0,0,1,1,5.902,343.6,-6.322,342.8,-4.533,342.2,NAIN,4002,0,0
2018,5,4,12,0,0,1,1,5.904,343.6,-6.315,342.8,-4.524,342.2,NAIN,4006,0,0
2018,5,4,12,0,0,1,1,5.907,343.6,-6.308,342.7,-4.515,342.2,NAIN,4010,0,0
2018,5,4,12,0,0,1,1,5.909,343.6,-6.301,342.7,-4.507,342.2,NAIN,4015,0,0
2018,5,4,12,0,0,1,1,5.911,343.6,-6.294,342.7,-4.498,342.2,NAIN,4019,0,0
2018,5,4,12,0,0,1,1,5.912,343.5,-6.288,342.7,-4.49,342.2,NAIN,4023,0,0
2018,5,4,12,0,0,1,1,5.914,343.5,-6.282,342.7,-4.482,342.1,NAIN,4028,0,0
2018,5,4,12,0,0,1,1,5.916,343.5,-6.276,342.7,-4.475,342.1,NAIN,4032,0,0
2018,5,4,12,0,0,1,1,5.917,343.5,-6.27,342.6,-4.467,342.1,NAIN,4036,0,0
2018,5,4,12,0,0,1,1,5.918,343.5,-6.264,342.6,-4.46,342.1,NAIN,4040,0,0
2018,5,4,12,0,0,1,1,5.92,343.5,-6.259,342.6,-4.453,342.1,NAIN,4045,0,0
2018,5,4,12,0,0,1,1,5.921,343.4,-6.253,342.6,-4.446,342.1,NAIN,4049,0,0
2018,5,4,12,0,0,1,1,5.922,343.4,-6.248,342.6,-4.439,342.1,NAIN,4053,0,0
2018,5,4,12,0,0,1,1,5.923,343.4,-6.243,342.6,-4.433,342,NAIN,4058,0,0
2018,5,4,12,0,0,1,1,5.924,343.4,-6.238,342.6,-4.426,342,NAIN,4062,0,0
2018,5,4,12,0,0,1,1,5.925,343.4,-6.233,342.5,-4.42,342,NAIN,4066,0,0
2018,5,4,12,0,0,1,1,5.925,343.4,-6.229,342.5,-4.414,342,NAIN,4070,0,0
2018,5,4,12,0,0,1,1,5.926,343.4,-6.224,342.5,-4.408,342,NAIN,4075,0,0
2018,5,4,12,0,0,1,1,5.927,343.3,-6.22,342.5,-4.403,342,NAIN,4079,0,0
2018,5,4,12,0,0,1,1,5.927,343.3,-6.216,342.5,-4.397,342,NAIN,4083,0,0
2018,5,4,12,0,0,1,1,5.928,343.3,-6.211,342.5,-4.392,341.9,NAIN,4088,0,0
2018,5,4,12,0,0,1,1,5.928,343.3,-6.207,342.5,-4.387,341.9,NAIN,4092,0,0
2018,5,4,12,0,0,1,1,5.928,343.3,-6.204,342.4,-4.382,341.9,NAIN,4096,0,0
2018,5,4,12,0,0,1,1,5.929,343.3,-6.2,342.4,-4.377,341.9,NAIN,4100,0,0
2018,5,4,12,0,0,1,1,5.929,343.3,-6.196,342.4,-4.372,341.9,NAIN,4105,0,0
2018,5,4,12,0,0,1,1,5.929,343.2,-6.193,342.4,-4.367,341.9,NAIN,4109,0,0
2018,5,4,12,0,0,1,1,5.93,343.2,-6.189,342.4,-4.362,341.9,NAIN,4113,0,0
2018,5,4,12,0,0,1,1,5.93,343.2,-6.186,342.4,-4.358,341.9,NAIN,4118,0,0
2018,5,4,12,0,0,1,1,5.93,343.2,-6.183,342.4,-4.354,341.9,NAIN,4122,0,0
2018,5,4,12,0,0,1,1,5.93,343.2,-6.18,342.4,-4.349,341.8,NAIN,4126,0,0
2018,5,4,12,0,0,1,1,5.93,343.2,-6.176,342.4,-4.345,341.8,NAIN,4130,0,0
2018,5,4,12,0,0,1,1,5.93,343.2,-6.173,342.3,-4.341,341.8,NAIN,4135,0,0
2018,5,4,12,0,0,1,1,5.93,343.2,-6.171,342.3,-4.337,341.8,NAIN,4139,0,0
2018,5,4,12,0,0,1,1,5.93,343.2,-6.168,342.3,-4.333,341.8,NAIN,4143,0,0
2018,5,4,12,0,0,1,1,5.931,343.1,-6.165,342.3,-4.33,341.8,NAIN,4148,0,0
2018,5,4,12,0,0,1,1,5.931,343.1,-6.162,342.3,-4.326,341.8,NAIN,4152,0,0
2018,5,4,12,0,0,1,1,5.931,343.1,-6.159,342.3,-4.322,341.8,NAIN,4156,0,0
2018,5,4,12,0,0,1,1,5.931,343.1,-6.157,342.3,-4.319,341.8,NAIN,4160,0,0
2018,5,4,12,0,0,1,1,5.931,343.1,-6.154,342.3,-4.315,341.8,NAIN,4165,0,0
2018,5,4,12,0,0,1,1,5.931,343.1,-6.152,342.3,-4.312,341.8,NAIN,4169,0,0
2018,5,4,12,0,0,1,1,5.931,343.1,-6.149,342.3,-4.309,341.7,NAIN,4173,0,0
2018,5,4,12,0,0,1,1,5.931,343.1,-6.147,342.2,-4.306,341.7,NAIN,4178,0,0
2018,5,4,12,0,0,1,1,5.931,343.1,-6.144,342.2,-4.302,341.7,NAIN,4182,0,0
2018,5,4,12,0,0,1,1,5.932,343.1,-6.142,342.2,-4.299,341.7,NAIN,4186,0,0
2018,5,4,12,0,0,1,1,5.932,343.1,-6.14,342.2,-4.296,341.7,NAIN,4190,0,0
2018,5,4,12,0,0,1,1,5.932,343,-6.137,342.2,-4.293,341.7,NAIN,4195,0,0
2018,5,4,12,0,0,1,1,5.933,343,-6.135,342.2,-4.29,341.7,NAIN,4199,0,0
2018,5,4,12,0,0,1,1,5.933,343,-6.133,342.2,-4.287,341.7,NAIN,4203,0,0
2018,5,4,12,0,0,1,1,5.933,343,-6.131,342.2,-4.284,341.7,NAIN,4208,0,0
2018,5,4,12,0,0,1,1,5.934,343,-6.128,342.2,-4.281,341.7,NAIN,4212,0,0
2018,5,4,12,0,0,1,1,5.934,343,-6.126,342.2,-4.278,341.7,NAIN,4216,0,0
2018,5,4,12,0,0,1,1,5.935,343,-6.124,342.2,-4.276,341.7,NAIN,4220,0,0
2018,5,4,12,0,0,1,1,5.935,343,-6.122,342.2,-4.273,341.7,NAIN,4225,0,0
2018,5,4,12,0,0,1,1,5.936,343,-6.119,342.2,-4.27,341.7,NAIN,4229,0,0
2018,5,4,12,0,0,1,1,5.937,343,-6.117,342.2,-4.267,341.7,NAIN,4233,0,0
2018,5,4,12,0,0,1,1,5.938,343,-6.115,342.2,-4.264,341.6,NAIN,4238,0,0
2018,5,4,12,0,0,1,1,5.938,343,-6.113,342.2,-4.262,341.6,NAIN,4242,0,0
2018,5,4,12,0,0,1,1,5.939,343,-6.11,342.1,-4.259,341.6,NAIN,4246,0,0
2018,5,4,12,0,0,1,1,5.94,343,-6.108,342.1,-4.256,341.6,NAIN,4250,0,0
2018,5,4,12,0,0,1,1,5.941,343,-6.106,342.1,-4.253,341.6,NAIN,4255,0,0
2018,5,4,12,0,0,1,1,5.943,343,-6.103,342.1,-4.25,341.6,NAIN,4259,0,0
2018,5,4,12,0,0,1,1,5.944,343,-6.101,342.1,-4.248,341.6,NAIN,4263,0,0
2018,5,4,12,0,0,1,1,5.945,342.9,-6.098,342.1,-4.245,341.6,NAIN,4268,0,0
2018,5,4,12,0,0,1,1,5.946,342.9,-6.096,342.1,-4.242,341.6,NAIN,4272,0,0
2018,5,4,12,0,0,1,1,5.948,342.9,-6.093,342.1,-4.239,341.6,NAIN,4276,0,0
2018,5,4,12,0,0,1,1,5.95,342.9,-6.091,342.1,-4.236,341.6,NAIN,4280,0,0
2018,5,4,12,0,0,1,1,5.951,342.9,-6.088,342.1,-4.233,341.6,NAIN,4285,0,0
2018,5,4,12,0,0,1,1,5.953,342.9,-6.086,342.1,-4.23,341.6,NAIN,4289,0,0
2018,5,4,12,0,0,1,1,5.955,342.9,-6.083,342.1,-4.227,341.6,NAIN,4293,0,0
2018,5,4,12,0,0,1,1,5.957,342.9,-6.08,342.1,-4.224,341.6,NAIN,4297,0,0
2018,5,4,12,0,0,1,1,5.959,342.9,-6.077,342.1,-4.221,341.6,NAIN,4302,0,0
2018,5,4,12,0,0,1,1,5.961,342.9,-6.074,342.1,-4.218,341.6,NAIN,4306,0,0
2018,5,4,12,0,0,1,1,5.963,342.9,-6.071,342.1,-4.215,341.6,NAIN,4310,0,0
2018,5,4,12,0,0,1,1,5.966,342.9,-6.068,342.1,-4.212,341.6,NAIN,4315,0,0
2018,5,4,12,0,0,1,1,5.968,342.9,-6.065,342.1,-4.209,341.6,NAIN,4319,0,0
2018,5,4,12,0,0,1,1,5.971,342.9,-6.062,342.1,-4.206,341.6,NAIN,4323,0,0
2018,5,4,12,0,0,1,1,5.973,342.9,-6.059,342.1,-4.202,341.6,NAIN,4327,0,0
2018,5,4,12,0,0,1,1,5.976,342.9,-6.056,342.1,-4.199,341.6,NAIN,4332,0,0
2018,5,4,12,0,0,1,1,5.979,342.9,-6.052,342.1,-4.195,341.6,NAIN,4336,0,0
2018,5,4,12,0,0,1,1,5.982,342.9,-6.049,342.1,-4.192,341.6,NAIN,4340,0,0
2018,5,4,12,0,0,1,1,5.986,342.9,-6.045,342.1,-4.188,341.6,NAIN,4345,0,0
2018,5,4,12,0,0,1,1,5.989,342.9,-6.042,342.1,-4.185,341.6,NAIN,4349,0,0
2018,5,4,12,0,0,1,1,5.992,342.9,-6.038,342.1,-4.181,341.6,NAIN,4353,0,0
2018,5,4,12,0,0,1,1,5.996,342.9,-6.034,342.1,-4.177,341.6,NAIN,4357,0,0
2018,5,4,12,0,0,1,1,6,342.9,-6.031,342.1,-4.173,341.6,NAIN,4362,0,0
2018,5,4,12,0,0,1,1,6.003,342.9,-6.027,342.1,-4.169,341.6,NAIN,4366,0,0
2018,5,4,12,0,0,1,1,6.007,342.9,-6.023,342.1,-4.165,341.6,NAIN,4370,0,0
2018,5,4,12,0,0,1,1,6.011,342.9,-6.018,342.1,-4.161,341.6,NAIN,4375,0,0
2018,5,4,12,0,0,1,1,6.016,342.9,-6.014,342.1,-4.157,341.6,NAIN,4379,0,0
2018,5,4,12,0,0,1,1,6.02,342.9,-6.01,342.1,-4.153,341.6,NAIN,4383,0,0
2018,5,4,12,0,0,1,1,6.025,342.9,-6.005,342.1,-4.149,341.6,NAIN,4387,0,0
2018,5,4,12,0,0,1,1,6.029,342.9,-6.001,342.1,-4.144,341.6,NAIN,4392,0,0
2018,5,4,12,0,0,1,1,6.034,342.9,-5.996,342.1,-4.14,341.6,NAIN,4396,0,0
2018,5,4,12,0,0,1,1,6.039,342.9,-5.991,342.1,-4.135,341.6,NAIN,4400,0,0
2018,5,4,12,0,0,1,1,6.044,342.9,-5.987,342.1,-4.13,341.6,NAIN,4405,0,0
2018,5,4,12,0,0,1,1,6.049,342.9,-5.982,342.1,-4.126,341.6,NAIN,4409,0,0
2018,5,4,12,0,0,1,1,6.055,342.9,-5.976,342.1,-4.121,341.6,NAIN,4413,0,0
2018,5,4,12,0,0,1,1,6.06,342.9,-5.971,342.1,-4.116,341.6,NAIN,4417,0,0
2018,5,4,12,0,0,1,1,6.066,342.9,-5.966,342.1,-4.11,341.6,NAIN,4422,0,0
2018,5,4,12,0,0,1,1,6.072,342.9,-5.96,342.1,-4.105,341.6,NAIN,4426,0,0
2018,5,4,12,0,0,1,1,6.078,342.9,-5.955,342.1,-4.1,341.6,NAIN,4430,0,0
2018,5,4,12,0,0,1,1,6.084,342.9,-5.949,342.1,-4.094,341.6,NAIN,4435,0,0
2018,5,4,12,0,0,1,1,6.09,342.9,-5.943,342.1,-4.089,341.6,NAIN,4439,0,0
2018,5,4,12,0,0,1,1,6.096,342.9,-5.937,342.1,-4.083,341.6,NAIN,4443,0,0
2018,5,4,12,0,0,1,1,6.103,342.9,-5.931,342.1,-4.077,341.6,NAIN,4447,0,0
2018,5,4,12,0,0,1,1,6.11,342.9,-5.925,342.1,-4.072,341.6,NAIN,4452,0,0
2018,5,4,12,0,0,1,1,6.117,342.9,-5.919,342.1,-4.065,341.6,NAIN,4456,0,0
2018,5,4,12,0,0,1,1,6.124,342.9,-5.912,342.1,-4.059,341.6,NAIN,4460,0,0
2018,5,4,12,0,0,1,1,6.131,342.9,-5.906,342.1,-4.053,341.6,NAIN,4465,0,0
2018,5,4,12,0,0,1,1,6.138,342.9,-5.899,342.1,-4.047,341.6,NAIN,4469,0,0
2018,5,4,12,0,0,1,1,6.146,342.9,-5.892,342.1,-4.04,341.6,NAIN,4473,0,0
2018,5,4,12,0,0,1,1,6.153,342.9,-5.885,342.1,-4.034,341.6,NAIN,4477,0,0
2018,5,4,12,0,0,1,1,6.161,342.9,-5.878,342.1,-4.027,341.7,NAIN,4482,0,0
2018,5,4,12,0,0,1,1,6.169,342.9,-5.87,342.1,-4.02,341.7,NAIN,4486,0,0
2018,5,4,12,0,0,1,1,6.177,342.9,-5.863,342.1,-4.013,341.7,NAIN,4490,0,0
2018,5,4,12,0,0,1,1,6.186,342.9,-5.855,342.1,-4.006,341.7,NAIN,4495,0,0
2018,5,4,12,0,0,1,1,6.194,342.9,-5.848,342.2,-3.998,341.7,NAIN,4499,0,0
2018,5,4,12,0,0,1,1,6.203,342.9,-5.84,342.2,-3.991,341.7,NAIN,4503,0,0
2018,5,4,12,0,0,1,1,6.212,342.9,-5.832,342.2,-3.983,341.7,NAIN,4507,0,0
2018,5,4,12,0,0,1,1,6.221,342.9,-5.824,342.2,-3.976,341.7,NAIN,4512,0,0
2018,5,4,12,0,0,1,1,6.23,342.9,-5.815,342.2,-3.968,341.7,NAIN,4516,0,0
2018,5,4,12,0,0,1,1,6.239,342.9,-5.807,342.2,-3.96,341.7,NAIN,4520,0,0
2018,5,4,12,0,0,1,1,6.249,342.9,-5.798,342.2,-3.952,341.7,NAIN,4525,0,0
2018,5,4,12,0,0,1,1,6.259,342.9,-5.79,342.2,-3.944,341.7,NAIN,4529,0,0
2018,5,4,12,0,0,1,1,6.268,342.9,-5.781,342.2,-3.935,341.7,NAIN,4533,0,0
2018,5,4,12,0,0,1,1,6.278,342.9,-5.772,342.2,-3.927,341.7,NAIN,4537,0,0
2018,5,4,12,0,0,1,1,6.289,342.9,-5.762,342.2,-3.918,341.7,NAIN,4542,0,0
2018,5,4,12,0,0,1,1,6.299,342.9,-5.753,342.2,-3.909,341.7,NAIN,4546,0,0
2018,5,4,12,0,0,1,1,6.31,342.9,-5.743,342.2,-3.9,341.7,NAIN,4550,0,0
2018,5,4,12,0,0,1,1,6.32,342.9,-5.734,342.2,-3.891,341.7,NAIN,4555,0,0
2018,5,4,12,0,0,1,1,6.331,342.9,-5.724,342.2,-3.882,341.7,NAIN,4559,0,0
2018,5,4,12,0,0,1,1,6.342,342.9,-5.714,342.2,-3.873,341.8,NAIN,4563,0,0
2018,5,4,12,0,0,1,1,6.353,342.9,-5.704,342.2,-3.863,341.8,NAIN,4567,0,0
2018,5,4,12,0,0,1,1,6.365,342.9,-5.694,342.2,-3.853,341.8,NAIN,4572,0,0
2018,5,4,12,0,0,1,1,6.376,342.9,-5.683,342.2,-3.843,341.8,NAIN,4576,0,0
2018,5,4,12,0,0,1,1,6.388,343,-5.672,342.2,-3.833,341.8,NAIN,4580,0,0
2018,5,4,12,0,0,1,1,6.4,343,-5.662,342.3,-3.823,341.8,NAIN,4585,0,0
2018,5,4,12,0,0,1,1,6.412,343,-5.651,342.3,-3.813,341.8,NAIN,4589,0,0
2018,5,4,12,0,0,1,1,6.424,343,-5.64,342.3,-3.803,341.8,NAIN,4593,0,0
2018,5,4,12,0,0,1,1,6.437,343,-5.628,342.3,-3.792,341.8,NAIN,4597,0,0
2018,5,4,12,0,0,1,1,6.449,343,-5.617,342.3,-3.781,341.8,NAIN,4602,0,0
2018,5,4,12,0,0,1,1,6.462,343,-5.605,342.3,-3.77,341.8,NAIN,4606,0,0
2018,5,4,12,0,0,1,1,6.475,343,-5.594,342.3,-3.759,341.8,NAIN,4610,0,0
2018,5,4,12,0,0,1,1,6.488,343,-5.582,342.3,-3.748,341.8,NAIN,4615,0,0
2018,5,4,12,0,0,1,1,6.502,343,-5.57,342.3,-3.737,341.8,NAIN,4619,0,0
2018,5,4,12,0,0,1,1,6.515,343,-5.557,342.3,-3.725,341.9,NAIN,4623,0,0
2018,5,4,12,0,0,1,1,6.529,343,-5.545,342.3,-3.713,341.9,NAIN,4627,0,0
2018,5,4,12,0,0,1,1,6.542,343,-5.532,342.3,-3.702,341.9,NAIN,4632,0,0
2018,5,4,12,0,0,1,1,6.556,343,-5.52,342.3,-3.689,341.9,NAIN,4636,0,0
2018,5,4,12,0,0,1,1,6.571,343,-5.507,342.3,-3.677,341.9,NAIN,4640,0,0
2018,5,4,12,0,0,1,1,6.585,343,-5.494,342.3,-3.665,341.9,NAIN,4645,0,0
2018,5,4,12,0,0,1,1,6.599,343,-5.481,342.3,-3.653,341.9,NAIN,4649,0,0
2018,5,4,12,0,0,1,1,6.608,343.1,-5.493,342.4,-3.672,342,NAIN,4653,0,0
2018,5,4,12,0,0,1,1,6.623,343.1,-5.479,342.4,-3.659,342,NAIN,4657,0,0
2018,5,4,12,0,0,1,1,6.638,343.1,-5.466,342.4,-3.646,342,NAIN,4662,0,0
2018,5,4,12,0,0,1,1,6.653,343.1,-5.452,342.4,-3.633,342,NAIN,4666,0,0
2018,5,4,12,0,0,1,1,6.668,343.1,-5.438,342.5,-3.62,342,NAIN,4670,0,0
2018,5,4,12,0,0,1,1,6.684,343.1,-5.423,342.5,-3.606,342,NAIN,4674,0,0
2018,5,4,12,0,0,1,1,6.699,343.1,-5.409,342.5,-3.593,342,NAIN,4679,0,0
2018,5,4,12,0,0,1,1,6.715,343.1,-5.394,342.5,-3.579,342,NAIN,4683,0,0
2018,5,4,12,0,0,1,1,6.731,343.1,-5.379,342.5,-3.565,342,NAIN,4687,0,0
2018,5,4,12,0,0,1,1,6.747,343.1,-5.365,342.5,-3.551,342,NAIN,4692,0,0
2018,5,4,12,0,0,1,1,6.764,343.1,-5.349,342.5,-3.536,342.1,NAIN,4696,0,0
2018,5,4,12,0,0,1,1,6.78,343.1,-5.334,342.5,-3.522,342.1,NAIN,4700,0,0
2018,5,4,12,0,0,1,1,6.797,343.1,-5.319,342.5,-3.507,342.1,NAIN,4704,0,0
2018,5,4,12,0,0,1,1,6.814,343.1,-5.303,342.5,-3.492,342.1,NAIN,4709,0,0
2018,5,4,12,0,0,1,1,6.831,343.1,-5.287,342.5,-3.478,342.1,NAIN,4713,0,0
2018,5,4,12,0,0,1,1,6.848,343.1,-5.272,342.5,-3.462,342.1,NAIN,4717,0,0
2018,5,4,12,0,0,1,1,6.866,343.1,-5.256,342.5,-3.447,342.1,NAIN,4722,0,0
2018,5,4,12,0,0,1,1,6.883,343.1,-5.239,342.5,-3.432,342.1,NAIN,4726,0,0
2018,5,4,12,0,0,1,1,6.901,343.1,-5.223,342.5,-3.416,342.1,NAIN,4730,0,0
2018,5,4,12,0,0,1,1,6.919,343.1,-5.206,342.6,-3.4,342.1,NAIN,4734,0,0
2018,5,4,12,0,0,1,1,6.937,343.1,-5.19,342.6,-3.384,342.1,NAIN,4739,0,0
2018,5,4,12,0,0,1,1,6.955,343.1,-5.173,342.6,-3.368,342.1,NAIN,4743,0,0
2018,5,4,12,0,0,1,1,6.973,343.1,-5.156,342.6,-3.352,342.2,NAIN,4747,0,0
2018,5,4,12,0,0,1,1,6.992,343.1,-5.138,342.6,-3.336,342.2,NAIN,4752,0,0
2018,5,4,12,0,0,1,1,7.01,343.1,-5.121,342.6,-3.319,342.2,NAIN,4756,0,0
2018,5,4,12,0,0,1,1,7.029,343.1,-5.103,342.6,-3.302,342.2,NAIN,4760,0,0
2018,5,4,12,0,0,1,1,7.048,343.1,-5.086,342.6,-3.285,342.2,NAIN,4764,0,0
2018,5,4,12,0,0,1,1,7.067,343.1,-5.068,342.6,-3.268,342.2,NAIN,4769,0,0
2018,5,4,12,0,0,1,1,7.087,343.1,-5.05,342.6,-3.251,342.2,NAIN,4773,0,0
2018,5,4,12,0,0,1,1,7.106,343.1,-5.032,342.6,-3.234,342.2,NAIN,4777,0,0
2018,5,4,12,0,0,1,1,7.126,343.1,-5.013,342.6,-3.216,342.2,NAIN,4782,0,0
2018,5,4,12,0,0,1,1,7.145,343.1,-4.995,342.6,-3.199,342.2,NAIN,4786,0,0
2018,5,4,12,0,0,1,1,7.165,343.2,-4.976,342.6,-3.181,342.2,NAIN,4790,0,0
2018,5,4,12,0,0,1,1,7.185,343.2,-4.957,342.7,-3.163,342.3,NAIN,4794,0,0
2018,5,4,12,0,0,1,1,7.206,343.2,-4.938,342.7,-3.145,342.3,NAIN,4799,0,0
2018,5,4,12,0,0,1,1,7.226,343.2,-4.919,342.7,-3.126,342.3,NAIN,4803,0,0
2018,5,4,12,0,0,1,1,7.247,343.2,-4.9,342.7,-3.108,342.3,NAIN,4807,0,0
2018,5,4,12,0,0,1,1,7.267,343.2,-4.881,342.7,-3.089,342.3,NAIN,4812,0,0
2018,5,4,12,0,0,1,1,7.282,343.2,-4.885,342.8,-3.101,342.4,NAIN,4816,0,0
2018,5,4,12,0,0,1,1,7.303,343.2,-4.865,342.8,-3.082,342.4,NAIN,4820,0,0
2018,5,4,12,0,0,1,1,7.324,343.2,-4.845,342.8,-3.063,342.4,NAIN,4824,0,0
2018,5,4,12,0,0,1,1,7.346,343.2,-4.825,342.8,-3.043,342.4,NAIN,4829,0,0
2018,5,4,12,0,0,1,1,7.367,343.2,-4.805,342.8,-3.024,342.4,NAIN,4833,0,0
2018,5,4,12,0,0,1,1,7.389,343.2,-4.784,342.8,-3.004,342.4,NAIN,4837,0,0
2018,5,4,12,0,0,1,1,7.41,343.2,-4.764,342.8,-2.985,342.4,NAIN,4842,0,0
2018,5,4,12,0,0,1,1,7.432,343.2,-4.743,342.8,-2.965,342.4,NAIN,4846,0,0
2018,5,4,12,0,0,1,1,7.454,343.2,-4.722,342.8,-2.945,342.4,NAIN,4850,0,0
2018,5,4,12,0,0,1,1,7.476,343.2,-4.701,342.8,-2.924,342.4,NAIN,4854,0,0
2018,5,4,12,0,0,1,1,7.499,343.2,-4.68,342.8,-2.904,342.5,NAIN,4859,0,0
2018,5,4,12,0,0,1,1,7.521,343.2,-4.658,342.8,-2.883,342.5,NAIN,4863,0,0
2018,5,4,12,0,0,1,1,7.544,343.3,-4.637,342.8,-2.863,342.5,NAIN,4867,0,0
2018,5,4,12,0,0,1,1,7.567,343.3,-4.615,342.9,-2.842,342.5,NAIN,4872,0,0
2018,5,4,12,0,0,1,1,7.589,343.3,-4.594,342.9,-2.821,342.5,NAIN,4876,0,0
2018,5,4,12,0,0,1,1,7.612,343.3,-4.572,342.9,-2.8,342.5,NAIN,4880,0,0
2018,5,4,12,0,0,1,1,7.636,343.3,-4.55,342.9,-2.779,342.5,NAIN,4884,0,0
2018,5,4,12,0,0,1,1,7.659,343.3,-4.527,342.9,-2.757,342.5,NAIN,4889,0,0
2018,5,4,12,0,0,1,1,7.682,343.3,-4.505,342.9,-2.736,342.5,NAIN,4893,0,0
2018,5,4,12,0,0,1,1,7.706,343.3,-4.482,342.9,-2.714,342.5,NAIN,4897,0,0
2018,5,4,12,0,0,1,1,7.729,343.3,-4.46,342.9,-2.692,342.5,NAIN,4902,0,0
2018,5,4,12,0,0,1,1,7.753,343.3,-4.437,342.9,-2.67,342.6,NAIN,4906,0,0
2018,5,4,12,0,0,1,1,7.777,343.3,-4.414,342.9,-2.648,342.6,NAIN,4910,0,0
2018,5,4,12,0,0,1,1,7.801,343.3,-4.391,342.9,-2.626,342.6,NAIN,4914,0,0
2018,5,4,12,0,0,1,1,7.825,343.3,-4.368,342.9,-2.604,342.6,NAIN,4919,0,0
2018,5,4,12,0,0,1,1,7.85,343.3,-4.345,342.9,-2.581,342.6,NAIN,4923,0,0
2018,5,4,12,0,0,1,1,7.874,343.3,-4.321,342.9,-2.558,342.6,NAIN,4927,0,0
2018,5,4,12,0,0,1,1,7.899,343.3,-4.297,342.9,-2.536,342.6,NAIN,4932,0,0
2018,5,4,12,0,0,1,1,7.918,343.3,-4.296,343,-2.541,342.7,NAIN,4936,0,0
2018,5,4,12,0,0,1,1,7.943,343.3,-4.272,343,-2.518,342.7,NAIN,4940,0,0
2018,5,4,12,0,0,1,1,7.968,343.3,-4.248,343,-2.495,342.7,NAIN,4944,0,0
2018,5,4,12,0,0,1,1,7.993,343.3,-4.224,343,-2.471,342.7,NAIN,4949,0,0
2018,5,4,12,0,0,1,1,8.018,343.3,-4.2,343,-2.448,342.7,NAIN,4953,0,0
2018,5,4,12,0,0,1,1,8.043,343.3,-4.175,343,-2.424,342.7,NAIN,4957,0,0
2018,5,4,12,0,0,1,1,8.069,343.3,-4.151,343.1,-2.4,342.7,NAIN,4962,0,0
2018,5,4,12,0,0,1,1,8.094,343.3,-4.126,343.1,-2.376,342.7,NAIN,4966,0,0
2018,5,4,12,0,0,1,1,8.12,343.3,-4.101,343.1,-2.352,342.8,NAIN,4970,0,0
2018,5,4,12,0,0,1,1,8.146,343.3,-4.076,343.1,-2.328,342.8,NAIN,4974,0,0
2018,5,4,12,0,0,1,1,8.171,343.3,-4.051,343.1,-2.303,342.8,NAIN,4979,0,0
2018,5,4,12,0,0,1,1,8.197,343.3,-4.026,343.1,-2.279,342.8,NAIN,4983,0,0
2018,5,4,12,0,0,1,1,8.224,343.3,-4,343.1,-2.254,342.8,NAIN,4987,0,0
2018,5,4,12,0,0,1,1,8.25,343.3,-3.975,343.1,-2.23,342.8,NAIN,4992,0,0
2018,5,4,12,0,0,1,1,8.276,343.3,-3.949,343.1,-2.205,342.8,NAIN,4996,0,0
2018,5,4,12,0,0,1,1,8.303,343.3,-3.923,343.1,-2.18,342.8,NAIN,5000,0,0
2018,5,4,12,0,0,1,1,8.329,343.3,-3.898,343.1,-2.155,342.8,NAIN,5004,0,0
2018,5,4,12,0,0,1,1,8.356,343.3,-3.872,343.1,-2.129,342.8,NAIN,5009,0,0
2018,5,4,12,0,0,1,1,8.383,343.3,-3.845,343.1,-2.104,342.8,NAIN,5013,0,0
2018,5,4,12,0,0,1,1,8.409,343.3,-3.819,343.1,-2.079,342.8,NAIN,5017,0,0
2018,5,4,12,0,0,1,1,8.436,343.3,-3.793,343.1,-2.053,342.9,NAIN,5022,0,0
2018,5,4,12,0,0,1,1,8.463,343.3,-3.766,343.1,-2.027,342.9,NAIN,5026,0,0
2018,5,4,12,0,0,1,1,8.491,343.3,-3.74,343.2,-2.001,342.9,NAIN,5030,0,0
2018,5,4,12,0,0,1,1,8.518,343.3,-3.713,343.2,-1.976,342.9,NAIN,5034,0,0
2018,5,4,12,0,0,1,1,8.545,343.3,-3.686,343.2,-1.949,342.9,NAIN,5039,0,0
2018,5,4,12,0,0,1,1,8.567,343.4,-3.681,343.2,-1.95,343,NAIN,5043,0,0
2018,5,4,12,0,0,1,1,8.595,343.4,-3.654,343.2,-1.924,343,NAIN,5047,0,0
2018,5,4,12,0,0,1,1,8.623,343.4,-3.627,343.2,-1.897,343,NAIN,5052,0,0
2018,5,4,12,0,0,1,1,8.65,343.4,-3.599,343.2,-1.871,343,NAIN,5056,0,0
2018,5,4,12,0,0,1,1,8.678,343.4,-3.572,343.3,-1.844,343,NAIN,5060,0,0
2018,5,4,12,0,0,1,1,8.706,343.4,-3.544,343.3,-1.817,343,NAIN,5064,0,0
2018,5,4,12,0,0,1,1,8.734,343.4,-3.517,343.3,-1.79,343,NAIN,5069,0,0
2018,5,4,12,0,0,1,1,8.762,343.4,-3.489,343.3,-1.763,343,NAIN,5073,0,0
2018,5,4,12,0,0,1,1,8.791,343.4,-3.461,343.3,-1.736,343,NAIN,5077,0,0
2018,5,4,12,0,0,1,1,8.819,343.3,-3.433,343.3,-1.709,343,NAIN,5082,0,0
2018,5,4,12,0,0,1,1,8.847,343.3,-3.405,343.3,-1.681,343,NAIN,5086,0,0
2018,5,4,12,0,0,1,1,8.876,343.3,-3.377,343.3,-1.654,343,NAIN,5090,0,0
2018,5,4,12,0,0,1,1,8.904,343.3,-3.349,343.3,-1.626,343,NAIN,5094,0,0
2018,5,4,12,0,0,1,1,8.933,343.3,-3.32,343.3,-1.599,343.1,NAIN,5099,0,0
2018,5,4,12,0,0,1,1,8.962,343.3,-3.292,343.3,-1.571,343.1,NAIN,5103,0,0
2018,5,4,12,0,0,1,1,8.99,343.3,-3.264,343.3,-1.543,343.1,NAIN,5107,0,0
2018,5,4,12,0,0,1,1,9.019,343.3,-3.235,343.3,-1.515,343.1,NAIN,5112,0,0
2018,5,4,12,0,0,1,1,9.048,343.3,-3.206,343.3,-1.487,343.1,NAIN,5116,0,0
2018,5,4,12,0,0,1,1,9.077,343.3,-3.177,343.3,-1.459,343.1,NAIN,5120,0,0
2018,5,4,12,0,0,1,1,9.106,343.3,-3.148,343.3,-1.43,343.1,NAIN,5124,0,0
2018,5,4,12,0,0,1,1,9.136,343.3,-3.119,343.3,-1.402,343.1,NAIN,5129,0,0
2018,5,4,12,0,0,1,1,9.165,343.3,-3.09,343.3,-1.374,343.1,NAIN,5133,0,0
2018,5,4,12,0,0,1,1,9.189,343.4,-3.082,343.4,-1.371,343.2,NAIN,5137,0,0
2018,5,4,12,0,0,1,1,9.218,343.4,-3.052,343.4,-1.342,343.2,NAIN,5141,0,0
2018,5,4,12,0,0,1,1,9.248,343.4,-3.023,343.4,-1.313,343.2,NAIN,5146,0,0
2018,5,4,12,0,0,1,1,9.278,343.4,-2.993,343.4,-1.284,343.2,NAIN,5150,0,0
2018,5,4,12,0,0,1,1,9.307,343.4,-2.964,343.4,-1.255,343.2,NAIN,5154,0,0
2018,5,4,12,0,0,1,1,9.337,343.4,-2.934,343.4,-1.226,343.2,NAIN,5159,0,0
2018,5,4,12,0,0,1,1,9.367,343.3,-2.904,343.4,-1.197,343.2,NAIN,5163,0,0
2018,5,4,12,0,0,1,1,9.396,343.3,-2.874,343.4,-1.168,343.2,NAIN,5167,0,0
2018,5,4,12,0,0,1,1,9.426,343.3,-2.845,343.4,-1.138,343.2,NAIN,5171,0,0
2018,5,4,12,0,0,1,1,9.456,343.3,-2.814,343.4,-1.109,343.2,NAIN,5176,0,0
2018,5,4,12,0,0,1,1,9.486,343.3,-2.784,343.4,-1.079,343.2,NAIN,5180,0,0
2018,5,4,12,0,0,1,1,9.516,343.3,-2.754,343.4,-1.05,343.3,NAIN,5184,0,0
2018,5,4,12,0,0,1,1,9.547,343.3,-2.724,343.4,-1.02,343.3,NAIN,5189,0,0
2018,5,4,12,0,0,1,1,9.577,343.3,-2.694,343.4,-0.9902,343.3,NAIN,5193,0,0
2018,5,4,12,0,0,1,1,9.607,343.3,-2.663,343.4,-0.9603,343.3,NAIN,5197,0,0
2018,5,4,12,0,0,1,1,9.637,343.3,-2.633,343.5,-0.9304,343.3,NAIN,5201,0,0
2018,5,4,12,0,0,1,1,9.668,343.3,-2.602,343.5,-0.9003,343.3,NAIN,5206,0,0
2018,5,4,12,0,0,1,1,9.698,343.3,-2.572,343.5,-0.8702,343.3,NAIN,5210,0,0
2018,5,4,12,0,0,1,1,9.729,343.3,-2.541,343.5,-0.8401,343.3,NAIN,5214,0,0
2018,5,4,12,0,0,1,1,9.759,343.3,-2.51,343.5,-0.8098,343.3,NAIN,5219,0,0
2018,5,4,12,0,0,1,1,9.79,343.3,-2.479,343.5,-0.7795,343.3,NAIN,5223,0,0
2018,5,4,12,0,0,1,1,9.815,343.3,-2.468,343.5,-0.7737,343.4,NAIN,5227,0,0
2018,5,4,12,0,0,1,1,9.846,343.3,-2.437,343.5,-0.7432,343.4,NAIN,5231,0,0
2018,5,4,12,0,0,1,1,9.877,343.3,-2.406,343.5,-0.7125,343.4,NAIN,5236,0,0
2018,5,4,12,0,0,1,1,9.907,343.3,-2.375,343.5,-0.6818,343.4,NAIN,5240,0,0
2018,5,4,12,0,0,1,1,9.938,343.3,-2.344,343.5,-0.6511,343.4,NAIN,5244,0,0
2018,5,4,12,0,0,1,1,9.969,343.3,-2.312,343.5,-0.6203,343.4,NAIN,5249,0,0
2018,5,4,12,0,0,1,1,10,343.3,-2.281,343.5,-0.5894,343.4,NAIN,5253,0,0
2018,5,4,12,0,0,1,1,10.03,343.3,-2.25,343.5,-0.5584,343.4,NAIN,5257,0,0
2018,5,4,12,0,0,1,1,10.06,343.3,-2.218,343.5,-0.5274,343.4,NAIN,5261,0,0
2018,5,4,12,0,0,1,1,10.09,343.3,-2.187,343.5,-0.4963,343.4,NAIN,5266,0,0
2018,5,4,12,0,0,1,1,10.12,343.3,-2.155,343.6,-0.4652,343.4,NAIN,5270,0,0
2018,5,4,12,0,0,1,1,10.16,343.3,-2.124,343.6,-0.434,343.4,NAIN,5274,0,0
2018,5,4,12,0,0,1,1,10.19,343.3,-2.092,343.6,-0.4027,343.4,NAIN,5279,0,0
2018,5,4,12,0,0,1,1,10.22,343.3,-2.06,343.6,-0.3714,343.4,NAIN,5283,0,0
2018,5,4,12,0,0,1,1,10.25,343.3,-2.028,343.6,-0.3399,343.4,NAIN,5287,0,0
2018,5,4,12,0,0,1,1,10.28,343.2,-1.997,343.6,-0.3085,343.5,NAIN,5291,0,0
2018,5,4,12,0,0,1,1,10.31,343.2,-1.965,343.6,-0.2769,343.5,NAIN,5296,0,0
2018,5,4,12,0,0,1,1,10.34,343.2,-1.933,343.6,-0.2454,343.5,NAIN,5300,0,0
2018,5,4,12,0,0,1,1,10.37,343.2,-1.901,343.6,-0.2138,343.5,NAIN,5304,0,0
2018,5,4,12,0,0,1,1,10.41,343.2,-1.869,343.6,-0.1821,343.5,NAIN,5309,0,0
2018,5,4,12,0,0,1,1,10.44,343.2,-1.837,343.6,-0.1504,343.5,NAIN,5313,0,0
2018,5,4,12,0,0,1,1,10.46,343.3,-1.823,343.6,-0.1421,343.5,NAIN,5317,0,0
2018,5,4,12,0,0,1,1,10.49,343.3,-1.791,343.6,-0.1102,343.5,NAIN,5321,0,0
2018,5,4,12,0,0,1,1,10.53,343.2,-1.759,343.6,-0.07826,343.5,NAIN,5326,0,0
2018,5,4,12,0,0,1,1,10.56,343.2,-1.726,343.6,-0.04629,343.5,NAIN,5330,0,0
2018,5,4,12,0,0,1,1,15.82,341.2,3.874,343.1,5.574,343.6,NAIN,6100,0,0
2018,5,4,12,0,0,1,1,-11.02,358.2,-26.28,353.3,-25.43,350.4,NAIN,2140,0,0
